6661666666. (m

1666666666 6616113 ,,1666666611 h
L. 16ι66161666**.

1666666116 1666666161 11666612.
16616. 9 ,,16161 66 61616· 16616166 66 6611. 3 ,,1161611 diupu-
sntio‘fl
666666666166666161 116166166611111
6 ,,1611“ ιιι 16616661 66 1661116166 66116661. cnm 12 ,,1666(
11666613, ,1661 6 6666161 6166666661
13.161661666666166 16· 1661616 16 11611. 1,,16 n· 146111,
16666166 66 1611, 3 ,,16666. 66666661
6616666661166. 61666112 166666666611666616.11,6,,166661-
661666666136616166116 m 6666666661
,,166,666166616666“. 1661666666666. 16.
1611616161 16 „laboratior 161116611616ι.11666,11,39,,16616,11-
6“.61116616166661166611611661166666
166, 11,,6 16 666ρ.,4, 16616 Carnis 66.
66666166**, 1166666663 1661666661 Do 66116 16616. 1, 6 ,,16-
16611166666666161166, 616661166166166166 cerebri-⁴⁸.
14 ,,166116 61 661116 66616- 16611Ιί666661611611,11,12,,16ρ111.66666
66666666,26,,6666666611·6666616611
6161166166116166116666116616661616146,,16616666666666·
116666666616116111,16. 1166111 Apulos-48 ,1661111611 661-
ιι161.1166661.4.6111.- 6666“
16616.13,,16616166666166 166666361666611666616661666,
1666666161 111111,16,,166666 616166·
1611161614 ,166 66666**. 6661**, 66161662 ,,1666, 6661661611.

1.11,1 ,,166161666 onon 16· 166 6616666661116666142,,6166 1666 ’

6661161111 29, ,166116 66166666 aguntur&

11661161166611616616. 1661166.1661166616631,1616.61-

1616166 ineptiae pomparum‘fl 1166111

ις, 46, 66, 16661ιί66 (ιι 6661611666) apolog. 48.

6161.1ο,,11661661666616 1116666166 166161661, 26. 1611611.

. 1,13 ,,161666. neptem 6166661

1161616619. , 161666666161166161161.166611

16ι. 1166611,36,,1666.66· ,,66 66ἑ16161611. 166. 11666616, 66
Came 66. .

’.661666 6616166 19. 6611. 1616166611161. 11666. 11, 43,

66 De 1166666, 6666164.Ι 16166666 161. 16661126 „pro 161661-

6 De Resurr. 661616 66, 616 deductis&

16116611, ,6161116666 16666· 16116116 De 6666166.6,,16116616 1661**.

1166666 66661646. 48 ,,166- 16111666 116 16612 ,,16111. 1661616161611

116**. 161, 1166.. 11111116 1616, 62 ,,16111.’6166611**, 1611611. x

11, 9 ,,161, ormi& 116 spot-uc. 36
6611616616, 1, 1 „laetior ,,161, 6666116611,
66 Carne Chr. 26 ,,6616616 1616666 16616646 ,,1611661 1661661666
116“. 16 11661163. 6666666611 Cf. 6. 6111616166,
1666666161. Haeret. 41. 116 16161666 6616114 ,,16161666661 1611-
‘enea 11. 66 monog. 11. 6166·*. 66 161666 ,,6666666116166166
11661111. 116 6661, 11, 6166116616161666616**,
1616613 „Lamiae turres⁸‘. 16166 1161166666. 616616 2 ,,61666 16-
Corona 12, tm 661666616ι**, 1611666114. 166,
116 166116, 11, 16 ,,16116616· 16661164. 6616116611,
1611611116, Lavacrum 1-66611666) 6616616, 9,
16616.1,,16666666116“. 66 161616616642.
,,1666. 6611616“, 1611611, lavantium 616666 Apulos. 44. ⁸
1616116 66 6661. 6.
1611616166 16. 16666116 1- 6666666666) 1661666.
Ιι,11616.111,13.16ι,166.9, 11, 11. 1161161666, 6666166,
6 1611111116 66666614, 166666 (a lauretum) 16616636.
9,116ι.11666,1,.1 111, 13. 166666616616ι.146ι6.11,36.
6666616 61666666 61 1116666666 116 1611616611.

1666666, 666666. 16611, , Ι,

 

