6666666666. ’· (m

1666666666 6611611 3 ,1666666616 ln
L, 166661616611.
Languor 66 1166666161. 1166661. 1.
6116116. 9 ,,16161 16 611616· 16616166 6611611. 3 ,,1661611 diupo:-
6611611. .
Carne 0166 66 6666666161. 1661661166611611.1.
30 ,,1666 ιιι 1666166611. 66 1661116166 66661661. 066161. 11 ,16661
pt. 11666613,,1661666661611. 116666666611.
16.13,166666166666ι616666·16661111116611.1,16.661ι161.11.
166661166 6611611 3 ,,16661 6666661611.
(ε6161666661116. 11666111 1666666606116116616.11,6 ,,166661-
6166 161666666661616611. 11 66666116666611.
3 ,,.166 66616661666611.166116666661610.
66 virg. 161 10 „laboratior 166116116116. 11666. 11, 39 ,,16611. 16·
61611. ¹ 61116616 166661 1666116111. 66 666666.
Marc. 11, 6. 11 8666.1,,16616 066616 66.
66 61666661. 66 0666663 lapidositas 66 06116 116616. 1, 6 ,,16-
61 661116 6666661161. 111611661166166166166 6666661611.
11 1,,66166 61 661116 66616· 16611116666611116111111,,166111.616666
106166 016110 ,166666666- 6666666111.
materiam 166116 166116666116616 66 1616616 „lapidum 6661616·
61 166666666 116611.1,.10 6661111. 16616616 „lapidibus 661-
script. 1166661. 1. 1611. < 666611.
116116. 13 ,,16616166 omnium 166666 66166 66 1166666. 066616 66.
6611.1666666611Ν6111,16,,1666666116ι66·
1161661611 ,166 6666611. 166111. 66161661 „uqmpneiudia'in‘

66. 11,1 ,,166161666 oum 16· 166 66166661611166661. 11 ,,6166 1666 ’

6166611. 1161111119 ,,166166. 66166666 6666616611.

16116 611611. 66 06116 16616. 16661166 6. 66611 166166. 311 ,,1666. 61·

66616666 166611666666666611. 11661611.

166 16 60 166616166 (ι- 6666111666) 16616116.

166166. 30 „lammae arboris 1616666166 1161616111116611.
1,,13 ,,161666 neptem 11666611.

16 66 Anima 10. , 161666616161666166116.1166611

6116.11666.11,30,,1666.66 ,,6666116166111. 1116666666. 66

1. 06666 0166. 11.

,1661666 6616166 19. 6611. 1616666616 116. 11666. 11, 13.

cium 66 666666. 0666161. 161661666 116. 11666. 11, 10 „pro 161661-

611 66 1166666. 066616 66. 6161616611611. ,

6161166111 „divitiarum laem· 16116616 66 86661616 ,,1611666 161111.

6 6666666, 0666161016 ,,166- 16111616 66 11611 ,,16161.11616161616611.

6661611. 116. 11661. 11,10. 66 1161161 ,,16111.’1161611“. 1111611. ι

. 11,9 ,,161. 66661611. 66 6666166. 30
6 0611616616. 1,1 ,,1661166,,1616ρ6616661111.
1. 66 earne 01610 ,,6616616 1616666 166166. 16, ,1616661 1661661666
6661611. 11 1166166. 3. 6106666111. 01. 6. 6. 61616666.
61666666161116666111. 66 16161666 66 11611. 1,,161616666666 6611-
666666. 11. 66 116666. 11. 616611. 66161666 ,,1666661116166166
6610661117. 66 6661. 17. 610606616161666166611.
ι. 1616613 „Lamiae 16616611. 16166 66 1166666. 066616 1 ,,61166 16-
6 066666 11. 1666 1616616161. 1111661111. 116.
36116 66616. 11, 10 ,,1666616· 11666 11, 34. 66 16166111.

11,1111611.11,6.16666666 (ιι baptism) 66116116. 6.
ι16116.7,166666666166 66 131616616111.
10, ,.1666 661161611111611.1666611666666161666611.

1666116 666661. 6.

6116661616610. 16616116 (ει666666161161 1111666.
116. 1166611113. 116. 1619 11,11. 66 666616. 0666166.
1111611117. 66 06666611. 166166 (a lauretum) 166166 36.
16. 1116 11666.1,1.111,13. 166666616611ι.11666.11,36.
m. 066616 8. 1666666 61 1116666666 66 1616611. 6611.

66661666. 666666. 16611. . L

 

