0011 ΙΝ unlus mmmm 0111111011. xun

23. 11111. 11111. V, 18. 7. 1111.11111.1,20.

25. 1111. 11111. 1, 18. 8. 1111. 11111. V, 20.

27. 00 011111. 18. 9. 1111. 11111. 1, 20.

29. Adv. 11111. V, 18. 11. 0011001111. 0111. 23.

31. 1111. 11111. 111, 5. V, 18. 00 12. 0011001111. 0111. 23.
1111111112. 13. 00 011110. 6. 00 1100011.

32. Adv. 11110. V, 18. 0111. 23.

Vl. 14. 00 001111. 6. 00 1100011.

1. 1111. 11111. V, 18. 0111. 23.
2. 1111. 11111. V, 18. 15. 00 Corona 4.
4.1111.1Ι111.1,18. 19. 0011110101. 14. 1111111.

11. 1111. 11111. V, 18. 1, 8. 0010101. 17.

12. Adv. 11110. ΙΙΙ, 14. V, 18. 110 20. 1111. 11111. V, 20. 00 0010-
101111. 17. 1111. Valent. 22. 11 13.

14. 1111. 11111. 111, 14. 21. 1111. 11110. V, 20. 00 0010· “

15. 111. 11111. 111, 14. 11 13.

10. 1111. 11110, 111, 14. 00 Fuga lv·

in 001001. 0. 3· Scorp- 6, ,

17. 1111. 11110. 111, 14. 10. 111. 5· Ι),ρ,,ῃ,,1,,ῃῑ,,,ῃ,ι3,

111011. 27. ⁴
19. 1110111101, 18.
11 1011101110 omassum.

111018101110 0100011111. 1.

Ι. 3015. 00 0111011111. 111010·

[ic. 27.

11. 11111. 11110120.

15. 1111. 11111. 1, 20.

16. 1111. 11111. 1, 20.

17. 1111. 11110. V, 20.

18. 1111, 11111. 1, 20.

20. 00 01111 0011. 11, 11.

23. 1110101.1,5. 00 0111111. 0.
1108111111. 28.

20. 81011013.

30. 80011113. 3 fl· ,
[1 2. 101. 11110123.

⁰ 6.1111.11111.1,20.1111001107. 8.100.11110.1,19. 00 0110-

5. 1111.11110.1, 19.
0. 1111. Μ111. 1, 19.
15. 1110111101, 19. 20. 1110.
0111. 7.
16. 111. 11110. 1,16.1, 19.
17. 1111. 11110. 1, 19.
19. 1111. 11110. 1, 19.
20. 1111. 11110. 1, 19.
21. 1111. 11110. 1, 19. 0011001111.
01111. 23.
22. 1110. 11111. 1, 19.
24. 1111. 11110. 1,’10.

00 1100011. 0111. 0. script. 1110101. 7. 00 Anima 3.
7. 1111. 11110. 1, 20. 11. 1111. 111101, 13.

8. 1111. 11111. 1, 20. 00 Fuga 12. 00 1100111. 0111. 23.
in 001000. 12. 00 0111001111. 13. 1111. 11110.1,19.001100011.

15. 00 011110001111, 13. 0111. 23.
17. Scorp. 13. 14. 00 011110. 19.
18. 80011113. Ι 16. 1111. 11110. 1,19.
111. 1 17. 111. 11110. 1,19.
2. ne 1111 m Perseo. 6. ξ 10. 11. 111. 1111.

3. 00 Cultu 1011111. 11, 9. , 10. 1111. 11110. 1, 19.

 

