xm

17. 0011011011. 1.
19. 111. 11110.1,10. 0011110.

20.l 1111111110. V, 8. 00 1110-
script. Haeret. 6.

21. 00 1100111. 6111. 49. 00111·

110. 17. 111.11110.1,10. >

w· 2. 111. 11110. 1, 4.

7. 111. 11110. 1, 4. 00 111102.
9. 111. 11110. 1, 4. 0011011111.
. 61111. 23.
10. 111. 11110. 1,·4.
12. 00 Cultu 10111111. 11, 2.
14. 111. 11110. V, 4.
16. 111. 11110. 11, 5.
17. 111. 11110. V, 4.

11 11111011 10 11111101.
1

V, 17.

10. 111. 11110. 1, 17. 00 110·

nog. 5.

12. 111. 11110. V, 17.

13. 1111110. 1,11.

15. 0011100011111. 1110101. 27.
16. 0011100011011110101. 27.
17. 111. 11110. 1,17.111. 11111.
18. 111. 11110. 1,17.

20. 111. 11110. 1, 17.

1. 111. 11110. 1,17.
2. 111. 11110. 1,17.
3. 111. 11110. 1,17. 00 1111111
16. 21. 00111110. 17.
, 10. 111.11110.1,17.
11. 111. 11110. 1,17.
12. 111. 11110.1,17.
13. 111. 11110.1,17.
14. 111. 11110. 1, 17.
15. 1111111101, 17.
16. 111. 111101, 17.
17. 111. 11110. 1,17.
18. 111. 11110. 1,17.
19. 111. 11110. 1,17.

⁸ 9. 00 1101103. 5. 111. 11110.

mex scalprum 1161111101

20. 111. 11110. 11, 39. 1, 17
1101103. 8.
111.
8. 111. 11110. 1,18.
9. 111. 11110. 1,18.
10. 111. 111101, 18.

17. 0010001161111. 35.
W' 5. 111. Marc. v, 10. 101
8151111. 11110. 1, 8. 18.

9. 111. 1111101111 30. 0011
155110 Fuga 11 101000. 12.
22. 00 11011111. Catu. 45.

⁸ 23. 0011011111. 0110. 45.

24. 0011001111. Cam. 45.

25.111.11110.1,18. Co
1111. 8.

26. 111. 11110.1,18. 00 nes
6111145. 00 Orat. 10. 00
110111. 12. 0011111019.

27. 00 Fuga 1111010000. 01
surr. Cam. 45.

28. 00110111161111. 45.οε
11017.

29. 0011011111. 61111. 15. 00
11017.

30. 00 000111. Cam. 45.
Mart. 1.

31. 00000111. carn. 45.
1110011015.

32. 00 11011111. Cam. 45. 00
110. 2. 0081100110. 15.

3. 0010110. 17.

5. 00111110. 17.

6. 00111110. 17.

7. 0011110. 18.

8. 0011111111 21. 00111110.
11. 111. 11110. 1,18. 0011
12. 0011110. 18.

16. 0011131111 Perseo. 9.

18. 1111111101, 18. 00111

10. 111. 111101, 18.

22.111.11110.1,13. 0011
10111. 11, 7.

 

