’1115 . 11151 5515151515 dmm x

4. Λᾶν. 11115. 7,14. ’
155515115515. mmmmm

5. Λᾶν. lm. V, 9. 3. Λᾶν. 11515. 7, 5.
. 17. 1111511115. 10. 551155551111. 1115151
33. Λᾶν. 1151115545. Λᾶν. 11115. 55 55111. 14.
11, 2. 7,14. 12. 55 51111. 14.

’ 34. Λᾶν. 1115. V, 14. 18. Λᾶν. 14. 55 5151. 14. 55 Pu«

1151515517. Λᾶν. 915519. 15. 55 7555. 14.
555111. 7. 15. 55 5151. 14. .
35. Λᾶν. 1115. 7,14. Λᾶν. fler· 17. 55 5151. 14.
mog. 17. 18. Λᾶν. 11115. 7, 5.
35. Λᾶν. Hermos. 17. 19. Λᾶν. 11115. 7, 5.
¹11. 20. Λᾶν. 1111575. 5511
“ . 1. 55 5551111. 55111. 47. 21. Λᾶν. 11515. 11, 2. 7,5
. 9. Λᾶν. 1515. 7, 14. 115ᾶί5. 19.

10. Λᾶν. 1115. 7,14. 22. Λᾶν. 11115. 7, 5.

12. Λᾶν. 1515. V, 14. 23. Λᾶν. 11515. 7, 5. eon!
- 11. Λᾶν. 11515. 7, 14. 15.

15. 5515151115 19. 551ᾶ51511· 24. 55 95ᾶί5. 9.

1111 11. . 25. Λᾶν. 11515. 11, 2. 7,1

15. Λᾶν. 11515. 7, 14. 27 5128. Λᾶν. 1515. V,
17. Λᾶν. 1115514. 55 511511. 9115551151. 555151 7.

cut. 5. 55 55115111. 10. 711515. 5511151511
18. Λᾶν. 1115. 7,14. Anima 55. 55 comni!
19. Λᾶν. 1115. 11, 18. 17,15. 29. Λᾶν. 11115. 7, 5.
7,14. · 31. Λᾶν. 11515. 7, 5.
’ 25. 11115111111115. 13 11.
1111. 2. 55 5555. 14.
1. 55 5555155. 15. 551ᾶ5151. 5. Λᾶν. 11115. 7, 5.
15. 7. Λᾶν. 11115. 7, 5.

9. 85515. 14. 8. Λᾶν. 11515. 7, 5.

, 4. 55511. 14. 5515115133. 9. 55 551511. cam. 25.

5. Λᾶν. 11115. 7,14. 11. Λᾶν. 5511551. 17111
13. 55151ᾶί5. 17. 8. 19.

· XIV. 14. Λᾶν. 11115. 11, 2.

2. 5515151. 15. 15. Λᾶν. 11115. 7, 5. 14. 11

3. 5515155. 15. 5151. 19. 8551117.

4. 5515155. 15. 55 111ᾶί5. 2. 51.

5. 5515111515. 2513. 55 9155155511
19. Λᾶν. 11115. 7,15. 27. 55115155. 11.
17. 5515155. 15. 11. Λᾶν. 11115. 7, 5.

25. 55151511. 15. 12. Λᾶν. 11115. 7, 5.
XV. 13. Λᾶν. 51115. 7, 7.

4. 55 7115151151. 515151. 9. 15. Λᾶν. 11515. 7, 5. 55
Χγῗ4.551)1151511111.1155151.27. . 751515. 11, 1. 55 M

18. 55 7115. 751. 14. Λᾶ 5151. 17. Λᾶν. 11515 7, 5. 15.
Ι, 8. 5515155. 17. 15. 19.

 

