om 111 HM! ffl'fflfflffl (1111111111.

16. 111 111111. 2. 19.
21. 9111111111 10.

1111 1111111111. 11111111.

7. 1111. 11111. V, 16. “
10. 111 1111111111. Haeret. 8.

111 1111111111. 1111111.
14. 111 Cultu 1111111. Ι, 3.

EX 1100111111 11. 1011111.

6. 01 1111111. 7. 12. 1111111111.
011111. 7. 01 Anima 9.
8. 1111. 1111. 17.
10. 111 Anima 9.

L 1. 1111. 11111. 111, 5.

3. 111 1111111111. 8.

4. 111 111111111. 8.

6. 0111111111111. Haeret. 46.
,7. 111 Corona 15.

8. 1111. 11111. lV, 5.

9. 01111111111. 8.

' 10. 811111. 12. 01 Corona 15.
12. 1111. 11111. lV, 5. Scorp.
13. Seorp.12.

14. [11 1111111111. 8.

17. 811111. 12.

18. 1111.11111.11’,5. 01 111111·
1111. 8.

20. 111 1111111111. 1111111. 33.
111 ruric. 19.

21. 1111111111. 19.

22. 1111111111. 19.

Π’ 1. 111. 11111111.

4. 111 11111111. 0111. 27.
5. 81111112.

v2. 1111. 11111. 111, 5.
10. Scorp.12.

12. 811111. 12.
14. 11111. 11111. IV, 5.

19. 1111111111. 11.

ml!

w· 4. 1119111111 15.·
6. 111 (111111 15.
8. 111 0111. 3.

v· 13. 11111111. 1, 1.

Vl· 2. 1111111111 15.
4. 111 111111. 20.
8. 01111111. 20.

9. 1111111111. (1111125. 111111· -

mr 8. 9.
10. 111 0111. 5.
11. 111611111111111. 11, 19.
12. 111 Anima 28.
13. 1111111111. 94.
14. 1111. 11111113. 94.
12. 11111111. 1,1.
14. 81111112.
11. 1111111111. (1111. 58.
2. 11011111 15.
3. 1111111111 50.
111.
10. 111 111111. 5.
XIV.
4. 111 11111111. carn. 27.
14. [1111111111 15.
7. 1111111111. Cam. 25.
1. 111 11111111. Garri. 25.
5. Contra lud. 9.
xvss.
6. 81111112. 11111.11111.111,13.
9. 111 0111111111. 11, 12. ·
18. 111 (111111 111111. 11, 12.
111111.
4. 1111111111 13.

11111.
15. 1111. 11111. 111, 14.

19. 111 1111111111111. 25.

21. 11111111119111. 25.
ΚΧ. 3. 11111. 11111111. 11.
4. 1111. 11111. 111, 24.

13. 0111111101111. 82.

 

