0111! 111 mum mmmm 0111111121 ΙΙΙ

2. 0601116611. 3. XXXVII. ·
4. 1111. 0111. 16. 28. 1061111111, 18. 0611111
18. 1111. 1111611, 14. Iud. 10. ’
21. 1111. 11111. 11, 25. XXXVIII. ‚ ⁴
XIX. 14. 06 011111 femin. 11, 12.
1. 1111. 11116. 111, 9. XLI. “
16. 06011166. 06011160113. 18. 06 011116. 7.
17. 06 116161. 16. 42. 0611161111. 11.
24. 1111. 0111. 13. 16. 45. 06 1101161. 6.
XX. ι . XLV.
2. 06 Cultu 11611111. 11, 2. 24. 010111. 10.
XXI. · 11111.
13. 1111. 1111611, 15. 1. De Pallio 2.
111111.. 1111111.
2. 06 0111611. 6. 06 0111. 8. 13. 06 0161. 8.
6. 6111111111. 10. 13. XIIX.
17. 1111. 11111.111,24. V, 20. 5. 6. 1111.11116111,18.11,11.
18. Contra Iud. 1. 06 011116 0611111111. 10.
Chr. 22. “ 11. 1111. 11116.111,40.

XXIII. 27. 1111111111. V, 1.
· 4. 0611611111. Cam. 18. ’

fflv· uum

3. 06 Corona 13. 1.

646165. 0611111161. 11. 06 11. 6661118.
0111. 22. 06 0616114. 15. 1111.11116.’11,23.

xxv. 16. 111111. 1116. 11, 11.
22. 06 Anima 26. II. , Ι
23. 0611111111. 1. 0611111126. 13. 1111.11116.11,28. ,

06 0111116. 8. 14. 1111111116. 111, 28.
27. 06161111. 17. 111.
306131. 0616111117. 2.1111.0111.14.16. ’

XXVI. 5. 06061611 1.

2. 1111. 0111. 14. 16. 6. 06 0111. 2.

3. Contra 1111. 1. 06 Came 8. 8661111. ,

Chr. 22. 14. 1111. 0111. 17. 06 0111. 3.

XXVII. 21. 1111. 11116. 11, 20.
28. 1111. 11116. 111, 24. 111.
39.1111.11116.111,24. 2. 0611616110. ·

XXVIII. 3. 061116161. 19.

9. 06 011116. 6. 5. 11160111. 14160616111. 0. ·
12. 06 Fuga 11 061666. 1. · 6. 0611611111. 0111. 28. 51.
17. 1111. 11116111, 24. 1011111. 1111. 11116. 11, 39.

XXX. 24 6125. 061111 11111. 3.

1. 111. 11111111. 1. .
24-26. 06 1111160111. 3. 9. 1111111116. 11, 14.

XXXII. 14. 1111. 11116. 11, 15. 20.

28. 1111. 11116. 111, 39. v1.
30. 1111. 0111. 14. 3. 1111.0111.14.16.01111111.6.

31. 1111. 0111. 14. 23. 06 11616111..Ι
1

 

