11191111111 1111113 ,1119111111 l·
L, 111111111111.

11191111111111111191. 1111111. 2
1111.9,,1111111111111-111111111111111391111111 111911-
111111.

1111116 111111111191 1111111111 11111..1

,,1111 ιιι 1111111111. 11 111111111111116111112,,11119.

1111111.3,,1111 1 11911111. 111911111111.

131111111111111111111· 1111111111111111311111111.
111111111 01 11111. 3 ,,.111111 1111111111.

1111111111111.11111.11,2 111191111111111111.11,3,11,11191-

werrae 1191111111. 11 111111111111111.

,.111 111111111111111.11911111811910.

11119. 111. 10 „laboratior lapidatio 111. 11111. 11, 39 ,,11911. 11-
111Ιί1111 mermi 1111111111111111111

1..115 1181191, 11111 (11111111.

1111111111. 1101111113 1191111111 11 Cultu Femln. 1, 1,,11-

11111111111111111.1 111. 9111111111191111111 1111111111.

=„laclls 11 1111111111- 11911111111111111.11,11,,119111.11111
11111112091111919111-1119111111.

11111111111111111111111.119111111111111,11911,1111111111·

lacescere 111111.1,.10 9111111.191119.18 ,1191111111 exl-

191.1111111.1.1111.- 91111.

1111 13,,111111111111111ι 1191119111111111111111111160.
11911111111111,111 ,1,19111 11111 11-

11191111 ,111.11111111.11111.11111111911919111111111111.

11,1,,1111111111111111- 111111111111191111111113,,11111111 '

ι1“ 11111. 11, 29 ,,11111. 111111111191111111.
ι 111111. 11 Cultu 111111. 1119111111. 91111. 191119. 31 ,,1119. 11-
ιιιοι111 111ψωο pompm& 1111111111- 11111111111 191119 18
119.30,,11111111111111111 1111111111 111. 111111. 29. 1111111.
Ι, 13 ,,111111. 1191111 11111111.
11 Anima 19. 111111 c„ 111 structum 111. Uare. 1,1
11. 1111111,30,,1111.11- ,,1111111111111. 111. 1111198. 11
1111111111.
11111 11111111 191111. 1111111111 111. 11111. 11, 13.
ιι 11 Renum cumis 1. 1111111111 111. 1111111120 „pro lalm'·
11 1111111. Carni· 56. 1111111111111.
1111111 „diviliarum 111111- 11111111 113911111.6,,11111111 1111111.
11111. 1111111118 ,,111- 11111111 11 11111 ,,11111.11111111111111.
111. 111.1111111,10.11 111112 ,,11111.’111111111. 1111111. ι
11,9,,111.1ιϊ1111“. 11 9911111. 311
1111111111. 1,1 ,,1111111,,111. 1911111111.
11111111 01121 „materia 1111111191119. 11,,11111111191111911
111. 11 1111191. 3. 911111191111.111 1. 1. 1111111111.
111111191. 1111111. 11. 11 11111111 111111 1,,1111111111111 1111-
1111. 11. 11 111119. 11. 11111. 01 1111116 ,.9111111111111111
(1111111. 111191. 11. 1111111111111111111111.
111113 ,,111111111111111. 11111 11 1111111. Carula 2 ,1111111-
11111 12. 1111111111111111. 11 Uxor. 11,1. 111.
1111111. 11, 111 ,,11111111- 1111111191. 1111111111.
1111111111. 1111111111 (- 1119111111) 1111111111.
ι111.1,,11111111111“. 11 131619111912.
,,1111. 11111111. 1111111. 1111111111911111191119.11. ·
1111111 11. 11191 δ. ,
11111111111111111 (ιε11111111ι11111) 111. 1111.
11111111, 13. 111. 1119. 11,11.111111111. (1111111.
11111111. 1111111111 1111111ε111111ι1111191119. 31.
..1111 11,111 1,.1 111,13. 1111111111 111. 11111. 11, 311.
(111111 11111111 1111111111111 1111111111.

,111.11. oxum. 1111. ll. . L

 

