1111111111111111111111111111111. mm '

1. 1111111. 11111111. 1111 11.
9. 1111. 0111. 20. 21. 81. 11110111. 25.
10. 1101. 0111. 8. 20. 21. m,

11. 111. 0111. 21. 20. 0101111111111111111. 22.

¹²· 11111111. · 11. 1111111 5⁰.
15. 1111. Pru. 21.

11. 1111111111. mom 0111111111.
00. 02111111119011111. ¹⁰ 3. Αροιοε, 21,
26. 0101111111111111111. 28. 10, 390103, 21,

28. 11111111· 9· ¹4· 11. 01 011111. (1111. 81. 01

XV 1 0111116111. 21. 0181111. 19. ,

1. 1111. 0111. 25. 22. 0101111011. 10.

6. 11111111. 11, 1. 26. 01011111111111111111. 20.
26. 010111111111. 1111111. 28. ῃ.

111. 2. 010111111111. 1111111. 22.

7. 0101111. 10. 4. 01011125.
12. 0101111111111111111122. 01 9-11. (1111111111. 7.

0111011. 1. 01 1111111. 2. 13. 11111111. 111.
13. 0101111111111111111122. 01 15, ne lemn, ιο.

Corona 1. 17. 0111111111. 01111. 08.
14· 801· ΡΜ· 25· 22. 010111121.111.0111.17. =
15. 11111. 0111. 17. 80. 1111. 11111. 10, 80.
101301 8111111· 28· 0111001· 11.11.11111.111,11.11ι.1111
23. 01 0111. 0. 111. .
xvfl, 1. 0111111. 2. 10. 01011126.
5. 1111. 0111. 25. 19. 0111111111. 01111. 28.
6. 1111. 0111. 17. 010111, 8. 20· 1101111011· 01111· 2³·
9. 1111111. 25. 21. 0111111111. 0111. 28.

11. 0101111111. 8. 2. 010111111111.1111111. 20.
m, 19. 101. 11111. 111, 22.
2, [10 paim, 3· 26. 11110111. 28. 0181111. 7.
9ο Contra [ud. 13· ¹ 34 0135. υθ Fuga 111 Ρωθθο 121

12. 0111111111. 8. V.

17. 0111111111. 18. 2. 01111111011111. 12.

26. 01 0111111111. 1111111. 22. 5. 0101111. 21.

31. 0101111916. 01111111 18. 01011111-01111112.
13. 0101111111. 01011· 1081111111.
11122. vl.

37. De 11111111. carn. 26. 51. 01 1. 01 Fuga in 011111. 12.
0111116111. 21. 8. 01011111111111111111. 10.

11. 11. 111111111111.
,11. 11111111. 11. ne 111. 15. 1111111111. 11.

1111 17. VH

2411111111111. ne Animn Eshtmvssm. 1ο. n· nam.
17. m. .

Tmuuun 111. mum. 2111. 11. 0

 

