11111111111111111111111111111111. “ ’1111

1111.
21. 1111111111. 13.

u 10011111Πο1.

’11. 1111111. 111. ,
xv

11

18. 111111111011111. 2. 111111-
nog. 14.
11111.
301131. 111 Cultu 1111. 11, 2.
mm.
16. 1118111111. 26.
ml.
· 1. 111. 11111. 111,16. 011111
lud. 9.

1111111.

2. 1111. 11111. 111, 6. 1, 9. 011-

1111111. 3. 9. 111 0111. 2. 111
Corona 8.

3. 1111. 11111. 111, 6. 23. 1125.
1,10. (1111111111. 13. 11101·
111118.

4. 111. 11111. 111, 6. 011111
111. 3. ’

7. 111. 11111. 111, 33. Ι0111111
11111313.

8. 1111.11111.111,23. 11, 25.
31. 42. 0111111111. 3. 13;

10. 1111. 11111. 11, 27. Contra
1111. 9.

11. 1111. 11111. ΙΙ, 19. 22. Con·
111 lud. 5. 111 0111. 28.

12111. 11111. 11, 19. Contra
lud. 5. 1110111. 28.

13. 0111111111. 5. ·

14. 1111. 11111. 1, 29. 11, 12. 23.
1, 4. 1111111111. 14.

15. Contra lud. 3. 1110111. 11.

16. 1111. 11111. 11, 19.

· 17. 1111. 11111. 11111. Ι1,14.17.
’30. 111 Uxor. 1, 8.
18. 1111. 11111. 11, 10. 14. 17.
11111111. Ι, 8. Scorp. 12.
¹ 19. 11111111112111. 26.
20. 1111. 11111. 111, 23. 0111111
111113.

.’ ’ 1111111115

2111111111. 11,17. 1111111
lud· ⁹· ⁸ '
11. ¹
1. 1111. 1111111121. 1, 4. Gon·
1111111. 3.
8. 1111.11111.’1,1.4. 1111111
1111.
11111. 11111.111,21. 11, 1.
· 0111111111. 3.· ·’ ·-
12.1111.11111.11,33. '
19. 1111. 11111. 11, 30. 1, 18.
1113111111. 88. ’·
20.111.11111.111,23. 011111
lud. 13.
111. ¹
1. 111. 1111. 111, 23. coum
111.-13.· · · ·
2.1111.Ι111.111,23. 1,6. 8.
(1111111111. 13. ’
3. 1111. 11111. 11, 27. ·
11.111.11111;11,15. -
12. 1111. 11111. 11, 43. '
13. 1111. 11111. 11, 11. 42. 111
1111111. cam. 20.
ψωωπκυ,
151116. 1111. 11111. 11, 15. 01
·01111111111.11,10. ’

v· 5. 11111111110111. 22.
6111111111. 11123. 011111

lud. 13.

. 7. 1111. 11111. 11, 30. ·

12. 1111111111 9.·
14.1111.11111.Ι1,1·5. ·-
18. 111 1111111111. 11.
20. 81111. 1. 01 6111111111. 21.
111. 11111. 1, 11.
23.1(11.1Ι111.11,27. ’
261111. 11111. Ι1,14.
3. 1110111. 3. ·
19. 101. 11111. 111, 8. 11, 131 111.
· 1,11. 111111116111111121.
1110111118. - ⁰

.vn.

3. 11111121. ¹
9. 111. 11111. 11,211. 25. 1,11.
11111111. 19. 11111121.

 

