111111 scamnum 1111111111

· 1. (1111111111. 9.
51111. 1111. 11111.11,36.

Ἦ. 2. Adi. 11111. 11, 9.

4. 81111). 2.

5. 1111. 11111. 11,27.1,1
1111111. 2. 81111). 2.

12. 81111). 2.

13. 81111). 2.

14. 81111). 2.

15. 81111). 2.

3. 1111. 11111. 1,18. 111 111111. 9. 1111.

5117. 111. 11111. 11, 23.

XL 1. 1111. 11111. 11, 25.

12. 1111. 11111. 11, 15. 1
111. 6.
13. ibid.

4. 111111111126. 11111111. 5. 14. ibid.
5. 1111111115.1111.11111.11,18. 1.

6. 111 111111. 5.

111.
2-5. 1111111111 35.

16. Adi. 11111. V, 4. 13.
ΧΙ11. 111. um. 111.

6-8.1111.11111.11,22. Adi. ' 27. 81111). 2.

Pru. 14.

. xm.

17. Contra lud. 9.
991133. Adi. 11111. 11, 21.
11. 11111111. 9.

111.

6. 1111. 11111. 111, 18.

8. 8111111111. 10.
1111.

9. 1111111111. 5.
1111.

5. 11111111. 11, 28. -
111.
1. 81111). 3.

9. 1111111111. 6.

1111.
51111. 1111. 11111. 11, 36.

111111.
1. 1111. 11111. 11, 24.

9. Adi. 11111. 11, 13. 24.

11 omninum.

v· 9. 111111111121.
1611111. Adv. 11111. 11, 17.

21. 1111. 11111. 1, 29. 11, 17.

11, 16.
1

2. 81111). 2.

28. 81111. 2.
111

⁶2. 11111). 2.

3. 81111. 2.
36. 81111. 2.
1111.
1. 81111). 2.
2. 81111). 2.
3. 81111). 2.
4. 81111. 2.
5. 81111. 2.
6. 81111). 2.
7 et 8. 81111). 2.
9. 81111). 2. ·
10. 81111). 2.
12 sqq. Scorp. 2.
16. 81111). 2.
111.
3. 111. 11111. 11, 18. 1, 5.
9. 1111. 1111111129.
2. 111. 11111. 11,17.
4. 1111. Marci 11, 16.
7. 1111. 11111. 11, 16.
8. 111. 11111. 11, 16.
11111.
15. 1111. 11111. 11, 22.
16. 1111. 11111. 11, 22.
19. 1111. 11111. 11, 22.
15. 111. 1111111122. “
21. 1111111111. 6.

 

