vm INDEX numerumn! 8111111111 -

6. 164. 11444.11,24. 15. Contra 1446. 7.
9. Seorp. 3. 1 sqq. 94 Corona 9.
XIII. VIII.
8. 164. 11444. 11, 23. 1. 94 Corona 9.
14. 94 9444444141. 1144441. 9. 63. 94 Corona 9.
24. 94141644. 19. 3. 9411444447. 9494444
43 4144. 164. 11444. 19,19. Haeret. 3.
’ 45.164.11444.11,17. 9. 164. 11444. 111, 29.
XV. 29 sqq. 164. 11444. 19, 35.
11. 164. 11444. 11, 24. XII. .
17. 94 94441. 7. 28. Contra Iud. 1.
28. 164. 11444. Il, 24. XIII. ’
XVI. 9 4119. 23 4124. 941414
. 7. 94 94444441411144441. 3. 94 XIV.
¹ 6411494414. 1113. 22.164.11444.11,15.
14. 94 Fuga in 944444. 2. XVII.
XXI. 1. 94141444. 7.
19. Seerp. 8. 2. 164.11444.19,22. 94141
XXII. 6. 94 Ieiun. 9.
6. 164. 11444. 19, 12. 13 sqq. 164. 11444. 19, 21.

. XXVIII. 22. 164. 11444. 19, 18.

74111. 94141444 57. , XIX.

2444. 94141444. 6. 9411
ex 11 44444 44 4414. ’ 9⁰³52·¹{i¹u·n 6
11. 164. 11444. 19, 22. I
iun. 6.
12. 164. 11444. 19, 23.
XXI.
19. 94141444. 7.
27. 164. 11444. 19, 16. 9,1
141444. 7. 94Ρ14614. 6.
28. 164. 11444. V, 2. 94 141
29. 9414141447. ·

v· 8. 164. 11444. 19, 36.
vuie. 144. nare. 44, 44.

15 4127. 94 114443. 6.
XL 9. 94 9444444141. 1144441. 3.
mia. 14444444. 44, 44. 4, 11. 44

“ 94614. 6.

XVII. 444. nare. 1v,1o. 19941199 111 nne).

1444. ¹

19. 164. 11444. V, 9. ⁰ ¹⁰· MV· nm· lv, ²3·

II.
n m mu· (Ι Μ). 11ὲ51654ὸ11444. V, 12. 941
16. 644144 Iud. 13.

11139. 6441441446. 13. Ν24. 164. 114441114. 19,2

1

11 sqq. 164. 11444. 19, 15. 26. 164. 11444. 19,12.24.
12. 949444444141. 1144441. 3. 29. 164. 11444. 19, 24.

 

