011111 111· 11111118 rssnwmmlmmun. -XV

XXXVII.

1111. 11111. 1, 9.
XXXVIII.

16. 0111111111. 61111. 28.
21. ne Corona 8.
XXXIX.

7. 1111. 1111111120. Contra
Iud. 12.

14. 1111111111. 2.

15. 1111. 1111111111. 34.

19. 1111. 11111.111,1. V, 17.

XLIII.

2-4. 111. 11111111111. , 11 et 19. 1111.11111.1,20.11,1.

6. 1111. 11111. 11, 15.

Χι. 3. 1111. 11111. 11, 11. 33.
4. 1111. 11111. V, 3. 4.
5. 0111111111. (11111. 10. 59.

7. 01111111114. 01 11111111.

Cam. 10.'59.

8111. 11111. 11, 40. 1111.

Ρ111. 27.
9. 1111. 11111. 1, 2.
12. 101. 1111111111. 45.

13. 1111. 11111. II, 2. V, 14. 18.

1111111113. 17. 8111117.

14. 111. 1111111111. 17. 8111117.
15. 1111. 11111. 11, 25. 111Ρ111·
11111111111111. 8. Contra 111111.
Scorp. 10. 111 Fuga in Per·
sec. 2. 111 11111111. Cam. 59.

01 1111111. 4.
18. 1111. 11111. 1, 4.
22. Scorp. 10. -
231126. Apolog. 17.

28. 11111111. 11, 22. 1111. 1111.

16. 11111111. 6.
XLI

’4. 1111111111. I, 11. 1111. 1111·

mog. 6. 1111. 1111. 18.
17. 1111. 11111113. 34.
18. 1111. 11111113. 34.
19. 1011111113. 34.
XLII.

1. 1111. 1111. 11.

2. 111. 11111. 11, 23. Contra

11119. 0111111111. 3.

XLV

11. 33. 1,4. 12. 01 111111. 6.
20. 1111. 11111.’111,5. 11, 13.

XLIV.

5. 1111. 11111. 11, 39. 8111117.
6111. 11111. 1, 11. 11, 39.
1111. 1111. 17. 18. 11111111·
11116.
8. 61 1111111. 4.
9. 1111111111. 4.
20. 01 1111111. 4. 111 11111111.
(111113.
24. 1111.11111111161111111118.
25. 1111. 1111111125. 11111111.
20. 0111111111.61111. 3.

1. 1111. 1111. 11. 28. 0111111
Iud. 7.

2. (1111111111. 7.

3. 111.11111.11,25. V, 14.

5. 1111. 1111111. 21. Adv. Pru.
18. 20. 1111111111 II, 5.

7. 101. 11111. 1,2. 16. 11, 14.
24. 111, 23. IV, 1. 1111111·
mog. 32. 01 Fuga 1111111114.
11111111. 2.

9. 01 11111111. 61111. 7.

14. 101. Ρ111. 13.

15. 1111. 1111. 13.

18. 1111111113. 29.

23. 1111. 11111113. 6.

XLVI.

9. 01 Carne 611. 24.
12· 101.11111.111,22. V, 17.

XLVIII.

3. 1111. 11111. III, 17. IV, 23. 13. 1111. 1111111111. 45.
Contra Iud. 9. 1111111111. 3. XLIX.

4. 1111. 11111. III, 21. V, 2. 4.

111 11111111. (11111. 59.
5. 1111111111 11.

6. 1111. 11111. 11, 11. 25. 1111.
1111. 11.
10. 111. 11111. 11,14.

6. 1111. 11111. III, 29. 11, 25. 12. 1111.11111.11,13.

V, 2. 11. 7. Contra Iud. 12.

18. 101.11111.111,24.11,11.13.
21. 1111111111. 11,13.

 

