11111 111 mne mmm 11111111. 111

25. 8111111111. 8. '

11. 1111111111. 1. 11. ¹ 11111. “
27. Contra 1111. 8. 11

. ’ o. 1111111111.
1. 11111111. 9. 13. 81 1111111. 9.
2111. 111 111111. 9. 8111111148. Ν,
12. 111 111111. 9. -’ 18. 1818111111. 82. mm

1118. 28. 181. 1111. 111, 8. ,
48 sqq. 111 (11111114. v

1181. 11. 1111. 1111. 8, 4.
2 sqq. 1111111111. 18. 81.
3811111. 111 1111111. 7. 1. 1111. 1111. 18, 88.
4. 1111.Ι111.18,18. ·
u 8118. 8. 1111. 11111. 18, 18.
8. 1111. 11111. 18, 18.

X

¹· 2. 81 Ρ11111. 8. vffl

6. 181. 111111116· 1.11111111111.11.111.Ι111.

9. 1111. 11111.18,18. 18, 42.

11. 10. 8111111118. 18.
1. 1111. 11111. 18, 18. lx.

11. 1111. 11111. 1, 28. 8, 4. 8. 1111. 1111. ΙΙΙ, 21. 18,11.

Vl 111. 1111111. ,

’1. 11111111. 1111. coum
dumam· 18, 43. ¹ u lm
6. 18111111. 11,13. 17. 18, 17. ’

27. 8,,11. 111 8111111111. 8. ss
111 8111111. 2.

8111.

14. 1111111111. 18, 29.

x' 1. 11111111. 1111.

’1. 111 81111118.

’ 1. 111 11111111111111.
1111. 11.
2. 1110111. 13.
11. 111111111111111. 11. 88.
¹¹¹⁹ 1. 11111111 v, 11. 1111.

die. 10.

ΧΠ, 4. 1111. 11111. 18, 39.

¹¹1¹· 1ο. 111111111111111. .

14. 1111. 11111. 8, 18.

Π mu [γ’ abluatur& 11, 11. 1111-
. ,η ὓ

,10. 1111. 8111. 18.
13. 111 1111111. 16. 111 8111111. 2. Β 1181111.

15. 1111111111. 18. 8.
22. 8111111111. 18. 2. 0111111118. 18.

· 28. 1111. 11111. 8, 4. 9. 11. (10 81. ⁷
111111111111. 8.1111.11111.18,88. '.

311. 1111. 11111. 18, 39. 811

11. 111111111111. ’1. 111. 11111111.
111 18. 1111. 11111 18, 18.

’11. 111. 11111111. · 11. 111. 111. 11.,11.

 

