uu

6. 010111. 2.
3. 101. 0111. 23. 010111. 2.

mm smmum! 11111111

21. 01101111. 12. 01011112
24. 010111. 12.

10. 10111111. 1126. 0101112. 11.

11. 101111111126. 0101116.

12. 101111111126. 0101116.
0101011. 2.

13. 01 0111. 8. 01111111011·
111. 2.

161117. 01 11111. 8.

21. 10 11111. 2. 01 Anima 57.

24.101. 11111. lv, 33. 101111·
1111 113. 018111111. 26. 01

· 101111. 12. 01 Anima 16. 01
01111112.

25. 10 0111. 14. 010111. 0.
01101111. 12. 01111111. 16.

. 26. 10 11111. 1, 4.

27. 018111111. 23.

28. 10 11111. 14. 0110111112.

32. 0101110.

33. 0101116.

111 ·

6. 010111111111.111111120.41.
10 Uxor. 11, 5. 010111 18.

· , 7. 0101113. 010111111111

1111111 8 01011120.
3. 0101110.

12. 81111. 10.

13. 101. 11111. 11, 13.

15. 010111111111. 1111111. 4.

16.οε 0111111111. 1111111. 30.
’01111111 21.

171118. 101. 11111111. 13. 01
11111111. 3. 01111111 1.21.
101. 11111. 1124.

21. 101. 11111. 111, 17.

3.101.11111.1118. 01111·
11118. ’
6. 1111111111 28. 01101111.

10. 01 Corona 11.

11. 0111111111. Cam. 35.

12. 01111111110111. 35. 101.
11111. 1, 27.

15. 101. 11111. 111, 8.

17. 1011111101, 17.

2. 010111. 12.

4. 0111111111011115. 01111
111 15. 01011011. 22.

0. 018111111. 22. 01010111
101. 11111. 111 10.

3. 01 101111. 12. 101. 1111

10. 010111111 3⁹.

13. 101. 11111. 11, 17. 111121
111. 01 0111111111. 8. 0101·
011. 2.

15. 0111111. 2. 12.

16. 0101111. 101111111111.

17. 0101111. 101. 1111111111.

201121. 101. 11111. 1118.

25. 0111111111. Cam. 38.

23. 101. 11111. 111 8.

35. 010111111111 1111111. 13.

'¹ 1. go 111111111210. 01 011011. 2. · 2. 010111111111. 01111120.
· . 1 11. .

5. 0111111 11 011111. 6.
6. 01 Fuga in 011111. 0.
7. 01 11111111. 0111. 33.

16. 101. Valent. 2. 81111. 3.11.
010111 8. 01 1111118.

17. 81111. 3.

18. 81111. 3.

21. 81111. 3. 10.

22. 01 0111111111. 1111111111
81111310.

23. 01 Fuga 11011111. 6. 11.

24. 101. 11111. 111, 4. 811111.

26. 0111111. 111. 14. -

27. 010111111111 1111111. 26.

28. 81111. 310. 01011111
0111117. 0111111111. 611131.
01 011011. 2.

23. 011111110111. 1. 0111·
111. 3. 01 Fuga 11 011111. 3.
0111111111. Catu. 35.

30811113. 01111111110111.

31. 811113. 0111111111011113.

32. 1111. 11111. 1111. 81111. 3.
01011111011111. 7. 101.
0111. 26.

 

