¹OE

2οξ 1118111111. 011111. 5.

22. De 0111. 7. 111 11111111. 12.
111 1111Ιί1. 21.

27. 1110111. 7.

. 34. 1110111173·

xlx.

3. 1111111118. [11011110117.

6. 111. 11111. 111, 34.

8. 111. 11111. 11134. 111 111·

· 11111. 8. 14.
9. 111. 11111. lv, 34. 7, 7.

12. 01 11111111. 3. 15. 111 11111111,
13. 111 0111111111. 11, 9. 111

Fuga 11111111. 14.
14. 11131111. 18.

· 17. 111. 11111. 11, 6. 111 111111. 2.

mnu scamma! 8111111111

2101111113. 7. 111 111111.
01111.1.35.
30. 0111111113. 10. 01111111.
Cam. 35. 1111111111 26.
35. 01611111 chr. 7.
37. 811111. 6. 111 1111111. 2.-
39. 1111111111. 2. 111 Cultu 111
411. 1111111111. 2. [1101111111.
xxm.
9. 1110111. 2.
19. 1117111911. 1. 1181111
25. 111. 11111. 111, 27.
27. 111. 11111. 111, 16.
37. 1111111111. Cam. 26.

19. 111 Cultu 11111111. 11, 2. 111 111117.

11111111. 7.
21. 01111111. 12.
23. 11111111. 111, 15.

26. 11111111. 10. 111 11111111.

3. 1111. Heu-mog. 11. 111
111120.

5. 111 1111111111. 1111111. 41.
mmm2

Carn.57. 1111111111. 12. 01 6111111120.

Bam. 2.
XX28. 111 11111111. carn. 35.

’ 2. 111 1111113. 10.
10. 111 1111113. 10.

16. 111.11111.111,31.1111111320.

19. 1111111121.
21. 111 11111111. (11111. 35.
34. 1111. 11111. 111, 8.
XXI.
7. 01611111 13.
9. 11111111. 17.
11. 11111111. ι’.
16. 1111111111 19.
21. 111 Fuga in Perseo. 14.
25. 11181111. 10.
35. 1111111111. 13.
· 37. 110111101114.
111111.
13. 111 11111111. (11111. 35.
14. 111 Fuga 111 Perseo. 14.
19. 01111111. 15.
21. Scorp. 14. 1111111111 111111·
sec. 12. 111 11111111. carn. 22.
1111111111. 15. 19. 1118111111

· 1. 111 1111113. 10. 1111111126.

7. 111 11111111. eam. 22. 111
log. 20.
9. 11 Uxor. 1, 5.· 111 111111
611111. 9. ’
13. 111 Fuga 111 Perseo. 7.
21. 111. 1111111111. 34.

23. 1111. 11111. ΙΙΙ, 3. 111 Prae·
script. Haeret. 4.

24. 1111111111. 111, 3. 5. 111111
ma 57.
30. 11111111. 30.

35. 1111111111113. 34. 1111111111·
Cam. 22.

36. 1111111133. 1111111111-
131111.22. ⁴

38. Ad Uxor. 1, 5. 111 111111
011111. 9.

XXV.

1 sqq. 1111111111 18.

29. 1111113111 Perseo. 12.

34. 111 earne Chr. 16.

41. 111. 1111111111. 11. 11161111
Chr. 14.

63. De Praescript. Haeret. 13.
111. 1111111118. 11. 01 cane
Chr. 14. Apolog. 18. 48.

 

