nni 11111 11111111111111111111 .

⁵. 611111111. 11. 12. 91 1111111. 6111. 29.
6. 611111 111. 11. 11. 91 1111111. 6111. 29.

“ 191. 14. 91 111111. 6111. 29. 31

8. 11111111. 111,13. 611111 111911.
111. 9. 15. 111, 11111. 111, 24.
7. 111. 11111. 19,16. 17. 11 nmm,
8. 111. 11111. 19, 16. Ι.
20. 111. 11111. 11, 15. 6. 01 11111. 7. 9. 91111111
21. 9191111111. 4. 10. 9111111. 9.
Ι23. 1119111. 22. 91 1111111. 17. 9111111. 9.
6111. 9. 9101117. 91911- ll. ’

,111111 4. 111. 11111. 11, 8. 1. 9111111147.
17. 19,10. 16. 91 11111. 7.

ΧΧΙΙ. 36.“ 9111111116111. 22. 91
8. 611111111. 4. 1111. 2. 611111111. 3. .
xxm. , 11111. 19, 35.
17111. 91111111. 1. 45. 611111 111. 3.
119111. 111.
,11. 111. 11111. 11, 10. 16. 81111. 8.
12. 111. 11111 11, 16. 17. 811118.
13. 111. 11111. 11, 19. 18. scorp. 8. 91111111. 15.
14. 111. 11111. 11,10. 21. 9101111211111111111
15. 111. 11111. 11, 10. 25. 111. 11111111, 10. 1119
16. 111. 11111. 11, 10. 16.
1111111. 27. 910111. 12.
7. 91 1111111. 6111. 22. 19.

11111111. 30. 91911111. 12.

11. 111. 11111. 11, 13. 19, 10. 87. 83. 91911111. 12. 9191111111.
9111111116111. 9. 9191111· 9.
1111. 4. 9191111.2.10.18.22. 29. 91111111. 16.
1111119. 91.
2. 91 Fuga in 911111. 11. 10. 91 11111. 10. 91 0111 2
3. 9191111. 7. 13. 81111. 8.
· 4. 9191111. 7. 16. 9111111115.
16. 91 1111111. 6111. 47. 911.
22. 111. 11111913. 10. 111. 9111. 3.

11111911. 13. 111. 11111. 111', 7. 24. 19,
1. 911111111611129. 3941. 6111111111. 14.
2. 91 1111111. 6111. 29. 61111611. 15..

3. 91 1111111. 6111. 29. 30. 14. 111. 11111. 111,7. 1111.
4. 91 1111111. 6111. 29. 111. ’
5. 91 1111111. 6111. 29. 1. Contra lud. 7.
6. 9111111116111. 29. 2. 611111111. 8.
7. 9111111116111. 29. 3. 9111111. 10.
8. 91 1111111. 6111. 29. 21. 611111 111. 8. ne leina.
9. 9111111116111. 29. 22. 6111111111. 8. ’
10. 91 1111111. 6111. 29. 23. 6111111111. 8.
11. 91111111. 6111. 30. 24. 6111111111. 8.

 

