*1110111111*ζῇ

0111101141 110111. 11, 8. 01 0911101111.
0111111111 01 111111 24 00.
0110011101 0111. 3.

01111111. 11111. 11, 24 ,,911.111111-.
11“. 01 01111.10,,911. 11111111 11-
1111111111

0111111 11111111 01 0111. 4 011110.

011111 1111111111 0111. 1, 5.

-1119111151119111 19111) 111. 11111.

0111110111 191119.5,,01111.1101**.
Ad 8119. 4. 11 0111.,1, 4,,01111.
511111.

01111111111111, 1111110. ’

0111111111 01 1111111. 11111115. 111.
111. 2.

011111 0111111140111,11111.111,18.

0111111111 1. 111111 111111 011119.
..Vel 11.

.- 911 gerundivo 01 1111111. 0111110.
1111.,.11119111111111111911111101
1111. 20. 010191. 11 ,,911111111011-
1111110. 010111.4,0,119111111111-
1111111 111**.

0111111 01 earne 0111. 5. 13 ..0111111
11111101 11111. 14 ,,9111. 5111111111
11 ,,9111. 1191111111 111. 11110184

Gestatio 01 0191. 5 ,,9111. divini 19111-

111111811111111ᾳο18111111 45.

011111111οο 01 8911111. 21.

011111111111111111111 01 8991111. 11.

01101111 1199111111 19111910.

0111111 Ad Scap. 4,,115 911111 111111
11111. 911111 111111 01011111. 011
111 16 ,,.91 111111111111111111

011111 01 0111. 14 ,,91. 11101111111.
11111. 11, 34 91.111111111111**. 01 01111
0111011.11,0.

01111011 111ε91111011111 111. 1111.

0111101111111. 11111. 11, 18.

Gloriosus 01111111 30. 01 11111. 11.
111.11111.11,11 ,,91. 11111 111.
11111118. 0111111111. 011111 8.

01111101 011115 19111911·

0119011191119. 12.

01111101 Pudic. V. 010111111191. 1111-
1118 „cedere 11 91110101 01111.
10, ,11 9111111111111 01101113

,,11 91111 1111111111 111. 111. 2.
1111111. 11, 1 ,,9111111 11111111.
111.11111,1,,0,11 1111111111911-
11113. 111.111.1,,911111111111-

· 1111. *111. 11111. 111, 2. 11, 2. V, 10.
10. 01 11111. 11. 101. 0111. 822.
011119.111.1191111110911101
11111.10,,9111111 11111111 111.
11111.11,31,1,119111111 1111111111-
119111181119.8,,9111111 1111111111

0101111. 21 ,,11 9111111 1111111·
11111111 11 11111 11, 10, 9111111

“ 119111111 1119111111 191119. 21

,,91111111111111111*10111.0,,
1111111110111111111111111 1111. m
111,1,,119111191111191111111111*.
1111100, 1,19111191111111. 11111.
1,1,91111011111011111 1111111
,,11 191111111111111111

01111111111011119.111.2.

01111111 01 0111. 4.

0111111111 01 0111. 4.

0190111115-01111111 9111111111) 01
1111

011111 1-011111) 11101111101111.

0111111 (ιι 11111111) 11 11111 1,10.

0111111-91111111111. 1111111. 21. ’

0111101111 01 111111 10,

9111111101* 01

0111111 191119, 30„
9111101111οι0-

1111111. 12111111,
111**, 111. 111111. 11111111, 12.

01111111 1111111111 111111 1111111115.
-Π11Ξ911111 1911 111111 1111111.

01111111111111.11111.1,0.

011011110111111141,,91111111 1111·
111**.011111111.011111Ψ50,,91101.
11111111 11111 .

011111111.11111.1,1.

0111011101 01 01111 0111111110, ,11·
191111 1111111191111011111

0111111111110111.118,91, 11191111

0111111111, 11111. 10, 42⁸

0111 0111110 111. 0111. 11, 11 ,,9111
1101 01011111.

0111111111111 191119. 11 ,,911. 1101·
111**.

0111 1111111 01 8911111. 10 81119. 0.
01011111. 0111114 ,,9111 9119111
ipsorum 1119111111 01 111110. 01
011118. 011111111011111 00,,91
11111911110110111199111119-
91111111 11111111 11 11111111 11111. 0

,,911111 1111111111 111 1111101111
1111.10,,911111 11111 1111111 uolo
111 1111111111

09111101011111.0111111 9091101119
11111111

0119111111οο 1111111. 011111 00.

01ἧ111ρ1111111111. 10 ,,9111111 11111111

1 1
1191111111 01891111111,**99111.11111.

11.
11111111 9. 111011111111191. 01111121
,,11111111 111191111111101111011.
11111110, ,.111 1111111101111118.

0101111.13,,111111111511111’1 01
11111155. 8111910. 01019111

01111112. 011119. 11111. 191119.

 

