¹11ssss
1

. 0911919933. 7.11. 09 Pu·
111916. ·

30. 09 0111111 199919. 11, 9.

31. 09 0111111 199919. 11, 9. 09
11991199. 0999. 5. 09 099999
10. 0911111119. 16.

32. 09119993. 3. 09191119. 16.

33. 09119993. 3. 09191119. 16.

34. 111 Uxor. 1, 3.

38. 09091119. 16. 090193οε1. 3.

391119. 11999. V, 7. Ad Uxor.
11,1. 2. 09 0911991. 099111. 4.

09119993. 11. 09 099999 13.

40. 09 11911991. castil. 4. 119 119· Α

993. 3. De Pudic. 16.
0111.

2. 09 0999999131. 1199991. 27.

09 1111119. 14.

’ 4. ne 110101. 9119919991.
5. 11911999. 111,15. 0, 7. 1119.

11991993. 4.

’· 6. 1119, 11999. 0, 7. 1119. Her·

9993. 4.
- 8. 0919199. 2. 15.
10. 0919199. 15.
12. 0919199. 15.

9119919. 15. ne 9999.

41119 119993. 8. 09 091119. 14.

5. 0911919991. 099111. 8. 09119·

993. 8. 09 0111119. 14.
6. 09 091119. 20.
8. 1119. 11999. V, 7.
9. 1119. 11999. 111, 5. 0, 7.
10. 1119. 11999. V, 7.

12. 09 0111119. 14.
14. 1119. 11999. 0, 7.

15. 1119. 11999. V, 7. 09 091119.

20. 09 0999999110. Haeret. 24.
09 11999314. 1119119199. 120.
09109191. 14.

22. 09 11999314. 1119. 11999.
1, 20. 10, 3.

25. Ad Mart. 3. >

ι 4. 109. 11999. 111, 6. 16. IV, 35.
V, 7. 099199 19119. 09 89191. 9.

mon scmwmun 8111111101

6. 1119. 11999. V, 7. 09119191
5. 09 099999 9.

7. 1119.11999.11,19. 09191996.
8. 8999993.

11. 1119. 11999. 0, 7. 1311999
16. 09 011119 091919. 11, 9.

12. 09 091119. 14.

11. 09099999 10.

19. 09 Corona 7.

20. 09 099999 7.

21. 0981999199. 13.

23. 0909119199919. 11,10. 11
0919991. 099111. 8. 09 899117.

24. 09 0111119 199919. 11, 2.

25. 1119. 11999. 0, 7. 09191991

28. 09 099999 10.

33. 09 1119191. 14.

2. 1119. 11999. 0,8. 18. 09 093.
091. 7. 8. 09099999 14.

3. 11191999. 14.

4. 09 0991. 12. 22. 09 comm
5. 09 0193. 091. 8.11. 090191
6. 09 0193091. 7. 09 0911 12
7. 1111911999. 0, 8. 09 1191.
091. 7.

8. 09 0193. 091. 7.

10. 1119. 11999. 0, 8. 091113.
091.7.17. 09 0999119111.
09 0991. 22.

12. 1119. 11999. 0, 8.

14. 09 0991. 22.

15. 09 0193. 091. 7. 09099111.
09 099999 6.

16. 09 0193. 091. 8. 0919111.
181119 0999999131. 11999911
19. 09 0999999191. 1199991. 130·
09 11991199. Cam. 83. 09 mm
3. 1119. 11999. 0, 8. 111919
29101119111999. 0, 8.

1111.

1. 1119. 11999. 0, 8.
8. 1119. 0999. 0, 8.
9. 119. 0999. 0, 8.
10. 1119. 11999. 0, 8.

 

