n. 111111 111111υωύ1 uenum

54 1155. Λᾶν. 11111. 1,22.1,1(1.
111 1111111. 1111114151. 64.

5611116111119111. 57.

57. Λᾶν. 14111. V, 10.

xvl.
22. Λᾶν. 11111. V, 7.

n ιι mmm 11 1111111111.

3. Λᾶν. 11111. V, 11.
4. 11111111116111. 48.
5. 111 11111. 13.14.
6. 11111ᾶί1. 13. 14.
7. 1111111111. 1314.
8. 111 111ᾶί1. 13.
9. 1111111111. 13.
1111111. 111111ᾶί1. 13. 14.
3. Λᾶν. 11111. V, 11.
6. Λᾶν. 11111. V, 11.
7. Λᾶν. 11111. V, 11.,
14. Λᾶν. 11111. V, 11.
16. Λ11ν. 11111. V, 11.
18. Λᾶν. 11111. V, 11.
1. 1111111ᾶί1. 15.
2. 111Ρι1ᾶ11. 15.
4. Λᾶν. 11111. V, 11.
6. Λᾶν. 11111. V, 11

7. Λᾶν. 11111. V, 11. 111111-

1111. carn. 7. 44.
8. 8111113.

9. Λᾶν. 11111.11,11. 8111113.
10. Λᾶν. 11111. V, 11. 81111. 13.

111 1111111. carn. 44.

11. Λᾶν. 11111. V, 11. 111 111·

surr. 11111. 44.

14. 1111111111. carn. 44. Λᾶν.

11111. V, 11. Scorp. 13.

1740811111. 13. 111111111161111.

1840811111. 13. 11111111116111.
V

· 1. Λᾶν. 11111. V, 12. 111111·
11116111. 41.

2. Λᾶν. 11111. V, 12.
1111. Cam. 41.
3. Λᾶν. 11111. V, 12.
1111111111. 41. 42.
4. Λᾶν. 11111. V, 12.
5. Λᾶν. 11111. V, 12.
surr. carn. 51.
6. Λᾶν. 11111. V, 12.
1111111111. 43.
7. 111 11111111. 1111113.
8. Λᾶν. 11111. V, 12.
9. 1111111111. 11111143.
10. Λᾶν. 11111. 11,12.
1111. 11111143. 611.
17. Λᾶν. 11111. V, 4. 12.
5. 111 111111. 15. 111111
6. 11111111. 15.
14. [11111111. 15.
15. 11111111. 15. 1111
26. 1111111113. Λᾶν
16. 1111111111. 6. 15.
17. 11111111. 15. 18.
1. Λ111. 11111. V, 12.
ᾶ11.15.
5. 1111111111. 11111141)
7. 111 11111111. 11111110.
2. Λᾶν. 11111. V, 12.
13. Λᾶν. 11111. V, 12. 1
script. Haeret. 4.
14. Λᾶν. 11111. V, 12.
11116111. 55. 11111
211. 81111113.
24. Scorp. 13.
25. 81111113.
27. Λ11ν. 11111. V, 11.
2. 111 1111111111. naen
Scorp. 12.
4. 111 1111111111. 111111

7. 111 Vuga in 111111.
111ᾶί1. 13.

8, Λᾶν. 11111. V, 12.
9. Λᾶν. 11111. 1, 14. 29.

111 1111111. 11111131
Pudic. 13.

 

