mv

20. 0011000000000. 23.
22. 1601100011, 19.

111

u 111111. 101111111011011113.

1.

11

11

1V

V

- 23.110.11000.1,15. 00000000.

0000. 30.
2. 00 Resurr- 0000. 23.
3. 00 000000. Cam. 23.
5. 00 00110. 17.

6. 0011000000. Cam. 24.

10. 00 1100000. carn. 24. '

⁹ 3. 00 Pudic. 17,
15. 1010. 11000. V, 15.

19. 00 1100000. Cam. 24.

¹· 5. 00 0001. 8.
13. 0011000000. 0000. 24.

000111. 1. 0011011017.

' 111οΠ suumomni nonnul

nn 11111. 10 mumma]

- ⁰1. 00 1100000. carn. 2351. 00 ’4. 8000013.
0000000101. Haeret. 13. 110.

5. Seorp. 13.

6. 100. 11000. V, 16.
7. 110. 11000. 11, 16.
8. 11011000. 11, 16.
9. 1010. 11000. V, 16.

ι 1. 00 000000. Cam. 24.

2. 00000000. Cam. 24.
3. 1010. 11000. V, 16. 00110
0000. 24.
4. 110. 11000. V,16. 00 Re
0000. 24. 00 Anima 57.
5. 0011000000000. 24.
6. 00 1100000. Cam. 24.
7. 00 000000. Cam. 24.
8. 0011000000οω. 24.
9. 110. 11000. V, 16. 00 fl«
6000. 24.

10. 0011000000. 0001021.

’ 3. mmm. v, 15. naamon. ,3111110110ῃο

12. 11011000. 11,16.

4. 00 00110. 17. 11011000. HL

V, 15.
5. 00 000110. 17.
11. 00100101. 5.

13. 00 0011001. 9. 00 000000.

Cam. 24.
14. 00 000000. 0000. 24.

15. 00 1100000. carn. 24. 41.
16. 00 1100000. 0000. 24. 41. 1,

6. 00 Pudic. 18.
10. 110. Marc. V, 16.
14. 00 000110. 13.
15. 00 000110. 13.

VX 1 11111011 10 numu

17. 110. 11000. 111, 24. V,15. 00 4, De praescript„ flagret?

00 1100000. 6000. 24. 41.

1. 0011000000000. 24.
2. 00 nasum Carn‘. 24.
3. 00 000000. Cam. 24.
14. 00 Fuga in 000000. 9.

1010. Valent. 3. 101011ιο0
15. 00 0000Ιί0. 18.
16. 00000110. 18.
17. 110. Prax. 15.

18. 00 praescript. 110000ιῖ
19. 00 Pudic. 13.

17. 00 10100. 10. 00 Orat. 324. 20. 0000110. 13. 00 Vua

19. 1010. 11000. V, 15.
20. 110. 11000. V, 15.

000000. 2. Apolog. 31.

21. 00 000000οἰ001. Haeret. 4. 00 ⁸ 2. Apolog. 31.

Virg. Vel. 16.
0000. 47.

5. 1010. 0000. 27. 00 110

0000. 51. 00 Carne 0100.
7. 00 00110. 14. ,

 

