0311 11 111111 mmm 3111171316 ml!

23. 1116. 166617,15.
24. 166. 1666.17,15.
25. 166. 11666.17,15.
26. 166. 1666.17,15.
27. 166. 1666.17,16. 36161·
ma 35.
28. 166. 1666.17,16.
29. 166. 1666. 17, 16. 36 fug·
in 266663. 13. ’
30.166.1666.17,16. 36 3661.
31. 166.1666.17,16. 8666613.
31. 166. 166617, 17.
35. 166166617, 17.
36. 1661666. 17, 17. 36 26-
6162. -
37. 166. 1166617, 17. 36 3661.
7. 36 2611661. 12. 36266162.
38. 166. 11666.17,17.
39. 166166617, 17.
10. 1661666. 1,11. 17,17. 36
161666 55.
12. 166. 16661117.
13. 166. 1666 1, 2. 17, 17. 36
161666 21.
15. 166. 166617, 17.
16. 1661666. 17, 17.
9. 16611666. 17,18.
15. 166. 1666.17,18.
16. 166. 1666. 17, 13.
19. 1661666. 17, 18.
216122. 166. 1666. 17, 18. ¹
23. 166. 11666. 17, 18.
24. 166. 166617, 18.
26. 166. 1666. 17,18.
27. 166. 1666 17,18.
28. 166. 1666. 17, 18.
37 6138. 166. 1666.17,18. 36
2661611.
56. 1661666. 17,18.
2. 166. 1666. 17,18.
3. 166. 11666.17,18.
8. 1661666. 17,19.
13. 166. 11666.17,19.
11. 36 2666666161. 1166661. 31.
16. 166. 11666. 17,19.
17. 36 266611 6.

18. 166166617, 19.

23. 166. 1666111, 11. 17,19.
21. 166. 166617, 19.

22. 36 666666 8.’

25. 166. 1666. 17,23.

33. 166. 16661123.

31. 166. 1666. 17, 23.

13 6111. 1661661123. ¹
15. 166. 1666. 17, 23.
16. 1661666. 17, 23.
17. 166. 1666. 17, 23.
18. 166. 16661123.

ᾳ. 1612. 166. 16661121.

3. 166166617, 21.
5. 166. 166617, 21.
7 618. 166. 1666. 17, 21.
13. 166. 1666. 17, 21.
11. 166.1666.17,21. ·
17. 166.1666.17,21.
18. 166. 1666. 17, 21.
26. 166. 1666. 17, 21. 22.
21. 1661666. 17,21.
22. 166. 1666. 17,21.
21. 166. 1666. 17, 21.
26. 166. 16661121.
28. 166. 1666. 17, 22.
29. 16611666. 17, 22.
33 6131. 1661666. 17,22.166.
2666. 11. .
33. 166. 16661122. ·
31. 166. 1666. 17, 22.

’35. 166.Ι 1666 17, 22. 166.

2666. 19.
11. 116. 1666.17,23.
17. 166. 1666. 17, 23.
52. 51. 1661666. 17, 29.
55. 166. 16661126. ·
56. 36 1166666166. 13.
57. 166. 1666. 17, 23.
58. 36166161. 18.
59. 63. 166. 1666. 17. 23.
61. 1661666 17,21.
62. 36166161. 12.

’ ι’. 6666661664.

1. 166. 16661121. ,
5. 166. 166617,21. 36 3661.

26.

 

