01 111111 (ιι-11111111) 111. 11111111. 10.
01 011111. cami· 30.

- - (ιι 11 11111111) 111111. 2. 01
11111. 13. 01 11111. 1.

- 11111111 111111. 1.

- 11111 ene 01 11111 111. 11.

-· 1111111111. 1111121. 1131.

- 11111101111111 1,20. ,

- 11111 (ιι 111111 11 111111) 111.
1111113.

- 1111111111. 1111111111. 01111-
111. 13. 01 011120.

- 1111111111 111. Uere. 111,11.

- 111 (ι- in 1111) 1111110. 1111111.
1,·1.10. 0121111111112. 01 011111
1111. 0111111110.

, ‘e' ’11101111 affige? 113ρῖ1ῗὶ
111. 1. 01 11111. 11 11 Uxor. 11, 3.
0121111112. ·

- 1111, 01111, 01111, 011111111111.
0111111100. 01111111. 01111-
11111. 111111 1111. 111. 111111. 10.
0111111111. 111. Uere. 11211111.

- 11111 111111. 23.

- 1111111 111111. 30.

- 1111111111 1111112.

-· 1111 111111. 23.

011111111 01 vire. 111. 11 ,,1111. 11111-
111“. 111111. 30.

0111111111 111111. 0. 20. 111.

01111111111111. 1110. -

0111111 1-111111111 01 01111.

01111111 0111111 10. ’

01111111111 01 1111. 111. 13.

011111111111 111111. 11. 11111111, 10.

0111111111 0111111 31. 01 21111. 0.

0111111111 erede 01 111111.

- 11 11111111111 111111. 2.

011111111111. 1111 11, 11

01111111 111. 11111122.

01111111111111. 111111. 32.

0111111111111 11111118.

0111111 1-8111111,11111111) 01 111111.
0111111 .

011111111 111. 1111110. 11111121.

0111111111 11111111 011111111111.

0111111111 11111111 01 111116 111111.
12 „decoque 111111111 1111111111
011 1111111111. 20 „dee eliquid 11
111111“.

011111111111 01 1111111111. 11, 12.

011111111 (— 11111 1111111) 01 11. 33.

0111111111 11 1111111111111111111-
11111 01 1111111111. 11.

0111111111 111111. 10,

0111111111 11111111 0111111 31.

011111111 (ιι 1111111, 111111111, 11·
111111 11111111. 111, 1. 11, 3. 38.
0111111 10. 111. Here. 11, 1 „de-

111111 111112 neu 2111111
„dm πῶϋ, 1. 1. nm
1111. V, 1. 1111. ,212111
111111. 13. 111. 2111. 110111·
111 11. 01 1111111. 1111111111
„dee 11111111 11111“. 01 tem (k
10 „erim 111.“ 1111 111.

Burri 11 0111111111 111. 1111111

111. 11111.

01111111 01 111111 21.

01111111 111. Uere. 1112121111

01111111 0112111111 1111111111.

01111111 01 hucin-Qun ,1

efflat-3⁶:122& «11 11

2

0111111111 (- 1111111111, 1111*Ι
1111101111 1111111111) 01 ΜΕ

01111111111111. lere. 1,1.

01111111111111111. 11.

01111111 1- 111 noem 1111111 ἰ’-
11111, 11111111, 1111111111 01 M
11112. 111111. 12. 111 11111 1111
01 111111. 1. 0. 01111111 11
1111 Ι, 10. 22. 81111. 1. 01 ¹-
111111 111. 1111. eeu.

0111111111-111111, 111111111Μ

..1111111111 ’1.1.. 1
1111111111 · ”

Begoes? 111. une. 1,“1. 01 Γ·

0111111111111 111. 1111. 1111

01111111 (ιι nevere, 1111111111, 111·
11111 01 111111 11 „iude ffl
reeeneere“.

-1111111111111111 11, 20.

01111111 (καθηγητὴς, 1111111 111111

,1011111111 etque 11111111 pn
humeei“. 01 Fuge 11 Peme. 111

111. 11112. 01 0111111 „ue
1111111111111 .
01111111011111. Here. 110.
011111111 01 1111111111. 11 „14 11·
111111 11111
0111111111 01 111111 21 „14 σθ·

&metaneam 11 11111111 1111111

011111130121111111. 01 821¹.ss-

111

011111111 111. 111111. 38.

01111111 (ιι-111111 1111111111, obeb
111, emortuae) 01 1111128..
1111 11111111111“. 01 1111. 12 ·
2111. Ι,21. 11 Nan. 11,0.

011111111 (1· 11111111, 1111111111
11111110 „defi 1111111111 einh*
111“. 111. Uere. 1111111111
01 8111111 29. 1111. 111. 1. 01 lb·
111. 0. 010111-11. 01 11111111
10. 01 81111111 „coneedit 1111·

 

