' . XVII.

11 =' mnnx scamnum Mffllffl

3. 11011000. 11, 14.
10. adv. 11000. 111, 3.
11. 00110101. 9.

12. 00 Anima 56.
17. 1010. 1100011, 14.

n

2. 1010. 11000.1,13.

XII
11000. 1, 7.

ηώηωμ-

XX. ’

1. 11011000. 11, 22. n
ma 35.

2. 000002.

3. 80000. 2.

4. Adv. 110001122. Sco
00 0000100. 23. ne Ι

. 5. 101011οο0. 11,15.22.1

00000. 2. 00000110. 2.
101001. 3.

οωωοωο00 0100000

10. 20. ’

11. adv. 11000. 11, 40. Contra 8. Contra 1001. 4.

Iud. 10. · ’

12. 00 0000100. 3. 11011000.

ὦῇηωπ

340135. 1010. 11000. 11, 20. ’11,

24. 1,· 13.

mmmmwmn

37. 1010. 100011, 21.
XIII.

2. 00 Carne Chr. 23. ·
5. 1010.11000.111,2. 110 101005.

ΧΙν21. 1010. 1100011, 20.
22. Contra Iud. 3.

27. 00000011. 12. 0000019.
28. 00100011. 12. 00 0001. 9.

30. 0010100. 5.
11.
26. 00 0001. 9.

XVI.
2. 0010100. 5. ,
3. 00 10100. 5.
130115. Contra Iud. 3.

mmmnmn

9. Ado. 11000. 11, 21. 111,Ι
10. Contra 1001. 4.
12. 100.11000.11,17.1,11.
1001001. 2. 1101100000 11
13. 1011011000. 11,17.11,21
spectac. 2. 00100110. 5.
14. 1010.11000.1,29.11,17.Ι1
00 100110. 5. 6. 00 specu
15. 1010. 11000. 11, 17. 11, 25
3000100. 3.
16. 1010. 11000. 11,17. 11, 2,
17. 1010.11000.1,29.11,17.11

XXI.

2. 1010. 11000.11,17.

22. 00101000 37.
24. 1010. 11000. 11,10.28. 11

00 Exho'rt. Castit. 6. 00
11001. 6.

XXIII.

4. 10101100011, 35.

13. 0010101011. 10. 20.
15. 1010. 11000. 11, 30.
20. 1010. 11000. 111, 16. Ct

Iud. 9.

16. 1010.11000.11,12.21. Con· 21. 0001001001. 9. Ado. 1

tra Iud. 4.
23. nov. 1100011, 12.

3. 00 0011001. 5.
6. 00 0001. 9.
10. 00100101. 19.
11. (1001001001. 10.

XIX.
zmmmz

III, 16.

XXIV.

15. Adv. 11000. 1, 11.

16. nov. 11000. 111, 10.,1, 11
XXV.

18. 00 000000. Carn. 01.
XXVI.

18. 1010. 11000.11,22.
XXVII.

16.101ν.11000.11,0.22. 00101006. 13. 10010016.

 

