xm [mx suumomni nemu!

vll

4141111. 11111. V, 9.

17. 1111. 11111. V, 9. 01 Prae·

111111111111. 53.
22111. 1111. 11111. V, 9.

m 6. 11111111. 11.

X

Cam. 51.

ΧΙ’11. 1111111. 11.

xm.
12. 6111111111. 14. .

1111111111 0. 116011.

Ι· 13. 010111. 8.

- . 17. 1111. 11111. 111, 5.

22. 01 1111111111. 611ιί1. 7.

Π’23. Contra lud. 2.

111111811111 0. 11711
10 10111601.

11. 11111111. 2.
“ 4111. 6111111111. 9.

8. Adv. 11111. 11113.
13. 81111114.

16. 01 1111111111. 611111. 1.
20. 91111112.

21. 81111112.

22. 6111111111. 10.
8. 8111116.

12. 81111114.

13. 81111112.

14. 81111112.

15. 81111112.

16. 811111. 12.

,12. 01 1111111111. Haeret. 13. ῃ,
1111. 0111. 30. 01 1111111.

’1. 111. 111111. 11111111. nx 1111111111 1. 1111111
1.

1. 11119111. 1311111111
5. 01111111. 19.
6. 01111111. 19.
7. 1111911128. DePudjc
8. 01011111. 19.
9. 01111111. 19.
10. 11111111. 19.

1. 0111111. 19.
2. 01911111. 19.
3. 1111111113. 3.
6. 01111113. 5.
16. 0181111111. 14.
18. 0161111611. 24. 011
script. Haeret. 3.
19. 0191111111111. 11111113
22. 1111. 1111. 28.

2. 1111111111.01111. 23.
3. 1111111111. 3. 0111111
4. 01911111. 19.
5. 01111111. 19.
6. 01911111. 19.
7. [111111Ιί1. 19.
8. 11111611. 19.
9. 01111111. 19.
10. 11191111. 19.
15. 01 1111111. 2.
,16. 1111. 11111.11,5.
17. 1111111111 15.
1. Adv. 11111. V, 16.
2. 111. 11111. V, 16.
3. 1111. 11111. V, 17. 0111111
8. 11111. 11111. V, 16. 011111
12. 1111. 1111. 15.
15. 161. 0111. 31.
18. Scorp. 12. [1111111111
1119. 14.
1. 1111. 1111. 28.
6. 0111111. 16.
11. 1111. 1111. 31.
12. 11119111. 31.
13. [11111118. 5.

 

