m tttonx scntrrontnmt SACMRU!

3. Λᾶν. Marc. 11, 42. 2. Λᾶν. 11111. 11, 12.
4. Λᾶν. 11111. 11, 39. 40. 42. 4. 0111111111. 7. td Uro
1111. 1111. 22. 1111.
5. Λᾶν. 11111. 11,40. 1. Λᾶν. 11111. 111‚22. tt¹,t
6. Λν1ν. 11111. 111, 5. 0111111111 scorp. 8.
11111112.0111111116111120. 2. 1111111111. 111,19. 1¹
10. Λᾶν. 11111. 111, 17. 11, 22. Scorp. 8.
11. Λᾶν. 11111. 111, 23. 611111 16. Λᾶν. 01111113. 32. 0
111113. ma 11.
11. 11111.
4. Λᾶν. 11111. 11, 1. 1. 6111111110. 9.
· 7. Λᾶν. 11111. 11,14. 2. 6111111111. 9.
9. 01 1111111. 6111. 26. 3. 01 111111. 15.
. 4. 01111111. 15.
5. Λν11.11111.111,23.11,14.35. 5. 01111111. 2. 15.
· 6. Λᾶν. 11111. 11,13. , 6. 111.11111.11,11.11,1
7. Λᾶν. 11111. 111, 21'. 11, 34. 31. 37.

111

V, 2. 5. 8. 01 1111111. Corn. 27.

10. Λᾶν. 11111. 111, 21. 13. Λᾶν. 11111. 11, 12.
ll. Λᾶν. 11111. ΙΙΙ, 21. 1,18. 1111.

14. Λᾶν. 11111. ΙΙΙ, 17. 3. 1111. 11111. 11, 25. 35.

1111. 8. Λ11ν. 11111. 111, 24. t,

1. Λᾶν. 1111. 11. 13. 11. 6111111110. 7.

Ι2. Λ11ν. 11111. nto. 17. Λᾶν. 1111.

111111. 611111111114. 01 1. Λᾶν. 11111. 11, 14.
Idolo1. 18. 0161111 Chr. 15. 1111. 11.

3. Λᾶν. 11111. uto. 17. Contra 2. Λᾶν. 11111. 11,14.
1111914. 0161111 Chr. 9. 3. Λν11.11111.11,14.
15. 011ᾶ1111.18. 10. Λᾶν. 11111111, 11.

’ 4. Λᾶν. 11111. utto. 11, 8. 11111.

5. Λᾶν. 11111. 11, 21. 1. nov. 11111. 11, 40.

6. Λᾶν. 1111. 30. 2. Λᾶν. 11111.11,40.

7. Λᾶν. 11111111, 17. 11,40.42. 5. Λᾶν. Maro. 11, 25.
Contra lud. 1113. 14. 01 Fuga 9. Λᾶν. 11111. 11, 22. 01
1111111112. 0101111101111. Chr. 14.

20. 01 1111111. 3. 01 Spo- 1111.
111120. 2. 6111111111. 13.

8. Λᾶν. 11111. 111, 7. 61111111ᾶ. 12. Λᾶν. 11111. 11, 14. 15.
· 10.13.14. · 111111ᾶ. 13.

9. Contra lud. 10. 13. Λᾶν. 11111. 11, 14. 15.
10. 611111 lud. 10. 14. Λᾶν. Marc. 11, 14. 15.
12. Λᾶν. 11111. 111, 19. 11,10. 111111ᾶ. 13.

Contra lud. 10. 01111111 15. Contra Iud. 13.

11111112.011111111611120. LXVI.

Ι 11. 1.Λ(11.11111.11,25.Λᾶν.111
3. Λᾶν. 11111. 111,20.11, 1. 2. 0111111111. Corn. 31.
4. Λᾶν. 11111. 111, 20. 5. Λᾶν. 11111. 11, 16.

5. Λᾶν. 11111. 111, 20. 14. 01 0111111. Carn. 31.

 

