-,XXI

Ι

111 mex 1011111οΜ01 nemun

13. 0111111111. 9. XXIII. Ι
14. 111. 11111. ΙΙΙ, 12. 13. 11, l sq. 01 111111110111120.
10. 0111111111. 9. 01 011111 XXIV.
011. 11. 21. 23. 19. 1111111111. 01111. 31.
15. 0111111 Iud. 9. XXVI.
16. 111. 11111. ΙΙΙ,12.13.1,18. 20. 111 11111111. carn. 21.

011111 Iud. 9. 01 1111111. XXVII.

01111. 20. 1. 101. 11111. IV, 24.
9111. , 11. 111. 11111.11,43.
14. 111.11111.11,13. 35. 1, 5. XXVIII.

0111111111. 14. 14. 111. 11111. 11, 21.
. 15. 111. Marc. 1, 6. 0
1. 111. 11111. 11, 7. 111. 14.
2. 111. 11111. 11, 1. XXIX.
6. 111. 11111. III, 19. 011111 13. 111. 11111.. 111, 6. 1112
1 111. 10. 0101111011.14. 41. 1012. 14.
X. 14. 111. 11111.. III, 6. 11,
1. 111. 11111. 11, 14. 1, 11.
2. 111.11111.11,14. 18. 111. 11111. 1, 11.
14. 111. 11111. 11,25. 1110111. 21. 01 Corona 8.
23. 111.11111.11,1. 16. ’21. 111. 11111. 11, 29.
33. 111. 11111. 11,15. XXXI.
. 5. 111. 11111. III, 24.
1.111.11111.11,1.1,8. Gon· 9. 0111111103. 7. 8.
111 111. 9. 01 011111 011. 21. XXXII.
01011111 13. 15. “ 9. 111. 11111. 11, 19.
2. 1111111111, 11.1,8.11. 10. 111. 11111. IV, 19. “
011111 111. 9. XXXIII.
3.111.11111.111,11. 011111 14.111.1Ι111.11,34.
· 1119. 11.01111111ι1.13.
0111. 111. 11111113. 11. 18. 0111111111. 13.
9. 111.11111.11,24. 1111111· XXXIV.
mog. 11. Ι 4. 1111111111. 34.
10. 01011111 15. 11. 01111111. 24.
XIII. XXXII.

1. 0111111111. 01111. 20. 1. 111. 11111. IV, 9.

10. 0111111111. 0111. 22. 2. 111. 11111. lv, ιο,
XIV. 3. 111. 11111. IV, 10.21.

4. 111. 11111. 1,11. 11. 1111111. 01111. 20.
XV. “ 4. 0111111119.

4. Contra Iud. 4. . 5.111.11111.11,24, c<
XVI. ’ Iud. 9. [Ie Resurr. 01111

1111. 0111111111. 9. 01 Spe· 6. 011111 Iud. 9. 110 1122
· 1111. 3. 0111. 20.

XVII. 8.111.11111.Ι1,24. 111
· 1 sqq. 0111111110111. 20. ma 33.

. 9. 11111111. 11,24. 1111.
1 sqq. 0111111111. 01111. 20. 10. 0111111111. 01111. 58.

IX

XI

 

