1111111 ransom. ι 'obv ¹

116666166161661611. 6. 19 ,,1116. 111611 1661111,1,,16-
6161616161.11616.11,11. [6111116316 insontes.
16616 66 161166 3.16166116(51166616611616661) 6616116.
iem aiiqnid t=dedncere‚ intro- 161661161661661661 1116111111.
1,6666161161.161611.11. 16661161616161666111,16 epilog. 2
66 6661 12. 6616166616 ,,166. ,6161161616 6666616161.
16111. 66 Carne (111326. 66 161611666111666661661. 6661116.
16 Persae. 16. 66 666616. Cer· 161616616 66166161.9 „tet 666166-
1 ,,116. 1166661. 66161661 ,,116. 1161611.
16616611. 66 Vaga 16 Perseai 16166166 (— non 166166) 161. 11666. Ι,1.
ordinem 61166111. 161. 1111611, 1616116666· 66 1166666613 „iat 66111-
66166. 16 ,,166. (1661611. 61666111. 66 3666161619 ,,’11161 116611
1116616161. Marc. V, t. 6166666161611.
66 161. 1161. 12. 616. 161616166 6616161611,,161.661661“. 161.
6161. 1111113. 11616. ΙΙΙ, 10.
itia 66 6116611. 6661113. 161. 161611 66 Anime 1. 61. 66. 6611661611.
129. 161. 11616. ΙΙΙ, 29 ,,111611- 6116161113.18.161.1Ι616111,21.
611116 116616.11,31.6616161616166612166-
·61ε minerbensis) 166166. 166. 11.
1. 66 bapt 10. 66 611611. 116- 16161116661666112616611611116616111.
’1. b. 161611666. 66666. 161. 161661. 23.
161. Marcionem 11, 9 ,,1116. 16161666 66 1166611. 66161661 „interno
1. forata 16 1116 61 1661161111.
11666 incorruptibilitatis 16 6661. 1616616116 1661661.
intinere (aliquem 61166166 rei) 6616-
1161.11616.Ι,Ι9,,1116.16166· 616. 11. ⁴
1. · 16666116 66166666. 23.
166 rot. 1. 16116616 fidem 166166. 48.
11166161.116161,18. intingere 66 cuitu 1666616116.
61 161. 11616. 1, 19. 1666111116 666116 apolog. 22. 39. 161.
11116 66 161166 21. 11161613 „tiomanrepraerenitk‘ toret
166 66161669 ,,66661661116166621Ι116.9,,-6161666
61116161,11666.1,1. 61111661166111116.11,6,1616161116·
bitis 66 1166611. Carnis 16. 6111161611. 161. 11616666.19,16611616611
1161116161161661. 2631. 66666616. (2116166 ,,616166661116·
111166 161. 161661. 21. 1611661111. ibid. 62 ,6666666666οῇ
titis 661661.21,,116161.666- 161.11616166.1,,66166611 66161611.
16111116 1,11,,66666666161666611.
1611116161. 11166131.1116.11,31,,1“1166616 166611. 1116.
166 16616611. 16 1111111, 2. 11, 22, ,61666666 6616116161. 1116. 11,
ritis 166166. 31. 33616666161611116611616Ι116.1,ΙΙ
entia 6611166626,,1666661166- „recenseri 61661661166111111611, 31
’ ,,166111611161611. 1116. ΙΙΙ, 18. 11, 19.
6111116161. 11661. 1611611 ΙΙ, 3 ,,61661 6166666111.
ibitis 661661. 21. 866661. 111 Scap. 6. 66 6661. 6. 66
666 161166 23. 63. ’ 16111. 66 1166161321. 66611611.
e Apolog. 23. 39. 1611611. Ι, 6. (laetitio.
6616161116. 66 166161. 66 - 61666616. o. 1666.161.11616.1,11.
66 613, 66 1611. 6. 66161666 166166. 26. 1611111136616661-
111. 111161, 3. 16616. 66 rueret 6616112. 66
66 Cultu 1111616162 „int ae· Cerne Chr. t.
re“. 6616116111 ,,116. sen· - substantive 6666666 66 96616966
161. 11166122 „int in 611- 1166611. 66611161 ,,161616 61161611. 66
“, be. intemetio. 1111161 16 ,,16661611.
6. genii. 16616639. - 616 61 66161661 ,,11666116111111-
’111111116161161111 61616166166161
11111 11111. Ι 11. ’ - 616 gennadio 6611111611.666111.16
11 1--1611611161166 61661) 16 ,6166616666166616111111111161,
12 e't 1116161111.16,,161116611ο166661661611.
116 111166 1926,.1,111 6111666611. 16616666 6. genii. 161. 11616. trs ,,116.
1116611 „tot 611111. 66161616 dominandi&

 

