ml mu scamnum 8111141111 ,

, 44. 161. 1111. 21. 24.
45. 161. 1111. 21.
46. 161. 1111. 16. 21.
48. 161. 1111. 21. 010111. 6.
51. 111 (larue Chr. 13.
62. 161. 1111. 22.
63. 1111111111. Cur. 37. 50.
66. 111. Pru 21.
67. 161. 1111. 21.
68. 161. 1111 21.

- 69.161.1111.21.

5. 161. 1111. 21.
24. 161. 11111. 11, 29.
28. 111. 1111. 22.
29. 161. 1111. 22.
33. 161. 1111. 22.

, 3101111119.

1111.
14. 161. 1111. 22.
15. 161. 1111. 21.
16. 161. 1111. 22.
17. 111. 1111. 22.
18. 161. 1111. 22.
19. 161. 1111. 2224.
. 23. 1111. 1111. 22.

26. 161. 1111. 8. 22.
27. 161. 1111. 22.
28. 161. 1111. 22.

, 29. 161. 1111. 22.

38. 161. 1111. 22. .

&mmmmm

Chr. 15.
42. 161. 1111. 22.

44. 161. Pru. 1. 22. 1110111-

11 7.
49. 161. 1111. 22.
51. 161. 1111. 22.
54. 161. 1111. 22.
55. 161. 1111. 22.
56. 161. 1111. 22.
58. 1611111. 22.
4. 161. Pru. 22. ·
35. 161. 1111. 22.
36. 1111. Pru. 22.
87. 161. Pru. 22.

ν 3. 111 111611. 7.

11. 01111611. 7.
12. 01 Fuga 11111111. 11.
15. 161. Pru. 22.
17. 161. Pru. 22.
18. 161. Pru. 22.
24. 161. Pru. 22.
25. 161. 1111. 22. 11111
28. 161. 1111. 22.
29. 161. 1111. 22.
36. 161. 11111113. 181611
8. 20. 22. 24. 25. 0101.
, 32. 161. Pru. 22.
33. 161. 1111. 22.
34. 161. Pru. 22.
35. 161. 1111. 22.
36. 161. 1111. 22.
37. 161. 1111. 22.
38. 161. Pru. 20. 22.
11. 161. 1111. 23. verr
6111. 53.
33. 0101111611. 9.
41. 161. 1111. 23.
42. 161. 1111. 23.

‚ 27. 161. Pru. 23.

28. 161. 1111. 23. 24.
30. 161. 1111. 23.
44. 161. 1111. 23.
45. 161. 1111. 23.
49. 161. 1111. 23.
50. 161. 1111. 23.
11111.
1. 161. Pru. 23.
2.161.11111.11,6. 1611
. 3. 161. 1111. 23.
4; 1111111111. 3. 1118111
5. 01 Corona 8. 111 161111
1111111112.
6. 1111111. 12.
31. 161. 1111. 23.
xlv.
2. 0111111110. 11111
6111. 41.
5. 161. 1111. 24.
6. 161. 1111. 24.
7. 161. 1111. 24.

 

