Gfflss 111οΠ mmm.

11111 1111111 01 1111. 1
1111111111. 111111 32.

o.

0111111111. 13.

0111111111 111. 11111. 11, 31.

01111111111011111111. 011111. 1.

01111111 0111111. 13. 111. 11111. 11,
1115. 15 ,111111111ωῆ 01011111.
01111111. 111. 111. 31

0111111111 111. 111. 3.

01111111 1-1111111111, revincere) 111.

a 11111111. 38. 111111301050. 01

1111111. 111. 1111. 1, 21. 111,10.

1,10. 01 11111110111112. 0101111

011. 10. 01 11111. 1 ,1111111111

111111 111111 11111111111111111. 111.

’ 111121.

01111111 11 11111. 11,1 „obturari 11
altmontem& 010111. 2 „obderet
bominum 1111111“.

011111111 01 81111. 8. 111. 1111111131.

0111 81111. 10 „obex 11111111101111“.

01011111 1- 01111111111111111 111·
quem, defendere) 0111111121 ,1111-
bum 1111 1111111111 111111111111111.
111. 11111. 11, 21.

0111111 (= 111111 01011111011111.

01111111 011111. 2.

01111111 01 111111 8.

obiecture 81111. 0. 01 011111 10.

01111 1111111 111 1111111111) 01111-
111. 11.

011111 01 1 111 11 111111. 1 ,,11. 111·
1111011111.

0111111111 (gemmus 1111111) 01111111.
0111111.

0111111 11 0111. 11, 8. 011111111111.
1111111.1,,111.11111“. 0111111111. 13.
01 011111 3. 011311111011111. 11
„oblationes 111 1111111111. 111111. 2.
01 01111 011. 2.

oblectetur 01 011111 8 ,,111. bominis
1111111“.

obligamentum 01 011111 tt ,1111 11·
1111111. 01 1111. 15. 111. 11111. 111, 22
,1111111111 et 11111 1131111.

obtigere 01 1111. 2 „ebo sacerdotiis&
01 8111111. 18.

obligatio 111111. 28. 01 01111 011. 2.
cut.

obliquare 01111111 25 „obliquatus 11
utero 111111“.

0111111111 1111111111 11 11111. tte.

oblique (= tn πλαγίου) 01 1111111.
11111112.

obliquus 1111111. 1, 11 „oblique 11111“.

0111111111 11 Uxor. 1, 5. 11,3 „obiit
111111“. 01 1111111. 3. 01111111 30.

0111111111 01 111111 18.

0111111111 01 11111. 1.

obmutescere 01 11111. 11.

01111111 111. 11111111 „eb
beatiorum oeubmum“.

01111111 (1. 11111101 111111
111. Here. 11, 81. erit

0111111111 01 11111113.

oboedire 01 0111111. came 1.

obrepere 010111116,,111.111
111. Uere. 111, 10.

- et 0111111111 111. 1111. 1,1

01111111 111. 1111111.

0111111111 11 11111. 1, 1. 11
81111. 0 „utem ⁸⁸th
111. tud. tt ,,1111.ομ1’1“·

01111111 01111111. 13 „obtuit

. retur 1111111 1111111011.

0111111111 111. 11111. 11,11 11,
teste& 1111. 11,28.

01111111,οι 111. 111. 3 ,111

’111111111“.

obseruare 11 ulique 11 (ml
0101111. 12.

0111111111 01 0111112

011111111 01 0101111110
1111111111111“. 11 111111,
1111111“. 01 11111. 10. 11 „e
0111“. 11 11111. 11,8. edum

obeiguetiu oe Pneueit. 8 ,,111. t

Obeolefeetue oe 1111. 111. 11,
[1111111“.

0111111111 81111. 0 ,,111. metit
11111111“. 11111115.

0111111111 01 1111118111ιώ(ίὲ

01111111 (= 111111 111. 1111.

obstetricum 11 1111. 11, 12.

obetetrix 01111111 39,,1111111
11111111“. De 111111. lo. 011

0111111111 01 8111111. 1. 11111
„uotum fidei‘·.

obstrepere oe Spectee. 22,,111
gretie 1111111011. 1111.1,,11
ligioni“. 0101111111 „ebettept'
01 0101111111. 11,0 „obem
11111111“.

01111111111111 111. 1111. 011

obstrictus 011111111111 111111]
1111 1111111111“.

01101111 1111111 „obem 11
11“. 1111.1,,11111111111 tem
11111“. 1111. 21 ,1111111111
1111116 „niet e 1111111111
1111111113 b. e. 1111111ιί. 1
1111 15. 01 Ρ111111111.11111.11
11111. 11, 12 ,,11111. os 111111Ι

01111111 111. 11111. 11, o. oe
011111 10.

011111111111 111. 111111. 30.

011111116 111. 11111. 11, 11 ,,
1111.

obtundere 111. 11111.1,1 „obet

 

