,1111

444141441. 14. 24. 44 44444 44411.
444. 4444444. 44. 44 41. 44.
Incorporalitas 44 44144 1.
1444444411144441141111,12. ,
1444444444 11) 444. 1144444. 44. 411.
„iuro uru‘.
1444444144 444.1444.111,141,14.12.
1444π441141114ω444. 4444444 11. 44
441444 24. .

14444444ιί41Ιῆ4 44 11444. 1,1. 444144.
44. 444. 144411, 14. 444. 141441. 14

44 444444. 444414 44. 44. 44.
14444444144144 444. 144411, 14.
Incorruptus 44414441, 1411. 44

444444. 444414 44.
1444444Ιί144 444144. 44. 4444444 444. 1.

44 444444. 444414 14. 44. 41. 44. 444.

ῂηηηῆη

1444444144 4. 44411 44 444444. 444414
44 44 44444 41441.

1444444114 444. 1444. 1, 24.

1444441144 4441444114 ,44444444
44444414 4444444411 .

1444444444 1141111.

1444144144ιί4 44 444444. 14441411.

1444144444 114 14414 η4444. 4444414414

’14ἑι11414ῲ1444 444441444 441414 44. ’

- (- 1444414444, operum 4444) 44

· 1411441.14,,4”4444. rrutieutiuu“¹ 44
14444441. 1.4. 44 4444144. 41 „iprum-
444 utrem, qui desuper 14444441. 44
1144444441. 44444124 „buu 4441441
4444444“.

1444144144 44 441144 44.

1444114 44 441414 44.

144414444 (— 4414444, uum 4441444414
14441444) 44 1444114441. 1. 4411411.
1,14. 44444. 4.

-41441411444 144144. 44.

“ 1444144114 444444414444 444144. 44.

1444414444 444114 „munt uciue“.
44 1411. ² „quum 1444444441 immr-
114444“, 11. 4. 4441144444. 4411411.
11,4,,144. 14 4441444411 444. 1144-
414444 1,14 ,,14444ι11144141“, 4. 4.
44444.

1444444444 44 11411 1, 2 ,144 1444414“.
1414. 1,1. 44 144144 „unu riduum“.
44 44114 Ι144414. ’11, 14. 444. 141441.
4,,14444444441 14 114444“. 44 11411.
1,” 14 ,444. 1414 4444 4444414“. 44
1411441. 14.

14444414 44 1441414 ,,1444444“4414444-
11414444 4411414“.

14444444 44 1441. 24 ,,4’44.144141414144“.
44 441444 41. 44 44444 4144. 11 ,444.
44441414 4144141111 44 444444 4,,144.
4444411441411. 444. 11444. 1,1. 144-
14441. 44 441444 41 ,444. 444444·
uictu-⁴⁴. ’

unffi 44 11411. 1, 12 „iub
444“.

14444444 4414.1444.11,24,,4“44.4ι“Ι

14441444 1414441444 4441. 44 144. h
111, 44 „m 414444“.

144444 444ὼ1444111β ,44 4441444

un

144.4ὲ441·4ιῖ,4’44144.ι 41 „Q d*-

1444144444 4 144. 2 44114111

1444441444 4 4.1444.111,1.144.14411

1444441441114 4414111411. flu}

„ffissssnnfflwss
4444444444“.

14441444144144 flumenin-M
444. 141441. 4.

1441444444 444 4441444144 inuh
4444ῑί411 4444141444114 44414111·
- 444 44414441144 14 omum*
mmmmnumuss
mstmfflmnfimp
4411. 44 1144444. 4444414411
1444444141. 1144441. 8. 4414141
&aaran 441444414ιῆ

14414444 (ιι 4441414441 444144. 1
14414114 44 14144. 1 ,444. apuu&-
1441444444 444144. 44 ,444. W·
144144444144 44 141444. 11.
1444444444 444. 1444. 1,14.
1441444114 44 ’441444 44.
1441441444 4444441 44 1414414
1441444114444 44 4441444 14.
14414444444 44 441444 14.
uwmmmmmmm
14414444 444. 141441 4 „iud- rhu*-
- 4. 441 44 44114 1444414114.
1441414444 444. 41444. 11, 44
mmmmmmffl
14414441441114 44 441444 4.
144141441144 444. 1444. 11, 22 14
1444. 44. 44 441444 41.
rmmuwmummffl

44 1444444141. 44444144. 441 Ι*
11,14. 444. 14144114.

1441414141114 444. Hermon-2 44 4411-

144141414111144 44 441144 41.

1444141444 411441444444 4441444411ι

14444144 (- quud 444 dom d 5
44144 4,,144. 4441444411.

1444444444 444. Pru. 21.

1444411414 44 8444144. 2. 4. 4. 411
νηωηωωωωϋ
44. 444. 14441. 14.

1444411414 444. 11444. 1, 4.

14441111ἒ144 444. 14144124. 444. m
1.

14444444 44144 44 1441. 14

-dgrjgiuem 411441 444144. 14., 1*

444444.

 

