mi. ιιι. nare. ιιι, 22.. 1013. ’ 2. 101. nare. 1111.

Σ mnu scmwmuu 81911111

110100. 14. 00 Carne (111014. 7. 8001109. 00 Fuga i

15. 00 Corona 15.

100. 12.

7. 101. 110101, 17. Contra 8101011010. 11, 20.

100. 14.
111

’18. 101. 11010.11,14.

19. 101. 1101011, 14. 39.

XVII.

12. 101. 11010. 1,17.
XXV.

4. 11010010. 18.

5. 11010010. 18.

6. 0010010. 18.

18. 101. 11010.1,18. 00111101- XXVIII.

101. (100111. 10. 11010010. 18.

¹ 48. Contra 100. 3.

2. 10 Uxor. 1, 1.
3. 101. 11010. 11, 20.
XXX.

1,19. (1011110100. 7. 001030 XXXI.

10101000. 0.

5. 101. 11010. 11, 11.
6. 101. 11010. 11,11.
7. 101. 11010. 11, 11.
8. 0010010. 6.

9. 0010010. 6.

1. 8001106.
2. 8001106.
XXXII.
6. 1001101οι03. 45. 1οι
10111ῗὶ1... ιι, 10.

11. 101.11010.11,17. 800111. 1. 19. 101. 11010. 11, 19.

XIX
l. 101. 110101, 14.
8. 00 Corona 13.
XXI. '
2. 101. 11010. 11, 3.

XXXIII.
1. 11001οῑ. 3.
13. 101. 0101011, 19.
14. 101. 11010. 11,19.1,1
19. 101. 1101011, 19.

6. 101. 11010. 111,7.17. 11,21. 20. 101. 11010. 11. 19.
Contra Iud. 14. 110 Carne 22.101.11010.11,19.

Chr. 15.
7. 101. 11010. 11, 42.
8. 101. 11010. 11,42.
9. 00 Carne Chr. 20.
12. De Carne Chr. 20.
16. 101. 11010. 11. 42.
17. 101. 11010. 11, 42.

18. 1100110100. 8. 10. 13. (101.
11010. 111, 19. 11, 42. Contra

100. 10.)

19. 101. 11010. 11, 42. Contra

100. 10.

22. 101. 11010. 111,19. Contra

100. 10.
23. 101. 11010. 111, 22.

26. 101. 11010. 111, 22.
XXIII.

1. 101. 1101100029.

2. 101. 11011003. 29.

4. 101. 11010.11,10.

5. 101. 11010. 11,19.

XXXIV.
14. 00100110. 10.
10. 101. 11010. 11, 40.
XLIV.
I. 101. 01010. 11, 4. 11, 14
1010101018. 101. Vm.
3. 101. 11010. 111, 7. 17.
100. 9. 14.
4. 101. 11010. 111, 7. 14.
1100110100. 9. 14.
5. 101. 11010. 111, 7. 14.
100. 9.
6. 101. 11010. 111, 14.
100. 9.
7. 101. 11010. 111, 14. ¹
100. 9.
8. 101. 1101. 13.
9. 101. 1101. 13.
XLVIII.
17. 101. 11010. 11,15.

 

