1111Ι

1111111 111111111111 nemu}

19. 61111111116. 161. 11111. 11.

111, 33.
26111111. 21.

u 1661.
1. 61 1111111. 8.
17. 61 Anima 35.
26. 161. 1111. 26. 61 611111
6111. 2.
27. 6161111611. 21. .
28. 616111. 12. 61 1111111. 6.
31. 61 6111116111. 21. 161. 11111.
111, 16.
35. 161. 1111. 2627. 61611111
6111. 14. 161. 11111. 11, 7.
36. 61 Anima 26.
38. 6161111611. 17.
12. 6161111 6111. 21.
13. 61 611111 6111. 21.
16. 6111111111 26.
63. 61161111. 23.
76. 6111111 1116. 5.
78. 6111111111. 6.
711. 611111 lud. 6.

n' 11111111111111111.

11111113.
7. 6161111611. 2. 21.
8. 6161111611. 2.
31116. 61 611111 6111. 2.
11. 6161111 6111. 2.
21. 6161111611. 2.
22. 61611111 6111. 2.
23. 6161111661. 23.
31. 6161111611. 33.
37. 61111111. 7.
19. 161. 1111. 26.
1. 111113. 7.
2. 6161111 11.
1. 161. 11111. 1, 3.
5. 161. 11111. V, 3.
11. 61 Idololatria 19. 616111·
111 11.

16. 61 6111. 8. 11.

17. 61111111111111111111. 3.
33. 616111. 8,
η 35. 6161111 6111. 22.

1.

16111. 161. 11111. 111
27. 161. 11111. 11,11.

29. 161. 11111. 11, 8.

36. 161. 11111. 11, 8.

31. 161. 1111. 11, 7.

32. 161. 11111. 11, 7.

33. 161. 11111. 11, 7.

31. 161. Pru. 26. 1611

11, 7. 1, 6.

35. 161. 11111. 11, 7.

46. 161. 11111. 11, 8.

11. 161. 11111. 11, 8.

12. 1611111 2. 1111111111
13. 161. 11111. 11, 8.

3. 161. 11111. 11, 8.

16. 161. 11111. 11, 8.

11. 161. 11111. 11, 8.

13. 161. 11111. 11, 9.

14. 161. 11111. 11, 9.

17. 161. 11111. 11,16.
22. 161. 11111.11,16.
21. 161. 11111. 11, 16.
271128. 161. 11111. 11,11.
31. 161. 11111. 11,11. 61

11111. 6111. 9. 61 116111

33. 161. 11111. 11,11.

31. 161. 11111. 11, 11.

36. 161.11111.11,11. “
37. 161. 11111. 11, 11.

11.

11.(11 1111111, 12.
2. 161.11111.Ι1,12.
3.161.11111.11,12.
4.161.17111.11,12.
5. 161.11111.11,12.
7.161.11111.11,12.
9.161.11111.11,13.
16.161.11111.11,12.

, 12. 161. 11111. 11, 13.

13. 161. 11111. 11, 13.

11. 16111111. 11, 13.

17. 161. 11111. Ι1,13.

26. 161. 11111.11,11. 1661
11, 8. 611131111111111
61 11111111. 11. 61 1611111

21. 16111111. 11, u. “

22. 161. 11111. 11,11.

 

