m 11111 1111111111111 1111111111

cx‘1. 1111111111. 1111. nmmum·

1111111. 4. 11. 13. 30. 1.
2. 111. 11111. 1, 9. 11. 111. 201121. 811117.
1111. 4. 11. 30. 11.
3. 111. 11111. 1, 9. 26 1121. 81111. 1.
4. 11111111. 111, 20. 11, 22. V, 32 et 33. 01 111111. 18.
9. 11111111. 10. Contra 111.
lud. 12. 21. 1110111. 1.
5111. 11111. 1, 0. contra 1111.
111. 14. 211111111111. 18.2
cxn. 111. 1111. 6.1. 11.
5. 111. 11111. 11,14. 28. 23. 11111111111181111
6. 111. 11111. 11, 14. 28. 24. 111. 11111111. 18. 32
1. 111. 11111.11,14. 28. 25. 11111111111118. 111
1. 01 Pallio 2. 21. 111.111ι·1111.18.111
cxlv. (1.1. 19.
4. 81111. 2. De 111111. 20. 01 28. 1111111111. 18. 32
Corona 10. 1111. 6.
5. 81111. 2. 01 Corona 10. 29. 01 9111. 3.
6. 811112. 01111111 10. 30. 111. 11111113. 18. 32
1. 811112. 01011111 10. 1111. 6.
8. 811115. 11111111. 5. 31. 111. 11111111. 18.
5. 111. 11111. 11311. 81111. 8. 1. 1111111. 4. 111011
GKVH. 11le.
8. 111.11111.11,20. 11, 15. 21. 12. 01 Anima 15.
1, 6.

21:1111211111²⁷·1⁶· „1 11111·

22. 111. 11111. 11, 35. ἠ Adv, nm, v, 4, Ι)

vagquq. De om· 10. 111. 1. 111 111113. 3.

1. 111111111111. w 11111111·
11.1111111111111131. ³· 1111111111·
18. 1111111111. 9.
cxxxn. u mmm,
1. 111.11111.11,19.0111111.13. 1.
01111111. 1. 11111111. 2.
15. 811112. 4. 010111. 10.
16. 81111. 2. 6. 01 Anima 15.
cxxxvm. 11.
18. Scorp. 2. 01 111111. 4. 12. 111. 11111. 111, 22.
22. 01 Anima 15. 111.
01111111. 8. 1111111. 2.

, 5. 0111111111.11111.5. 15. 01 1111111. 5.

 

