01

, 1111. Λᾶ 11011. 11, 0. Λᾶν. Horo. 1,
’ 1. 0. 0. 0. 13. 10. Λᾶν. 0001000. 11.

·· 1010. 10010100114. 00001000.

00001010. 00 00000 0110. 0.

0011000 Λᾶν. 10100114 „dom 110 rerum
How, 1. 0. uum 0100 000 10 000001
nuto.

-1101001, 000001 8000011. 11110111.

1-10000011011 01 Habere haeredium 00
000000. 000010 00. 111. 0011.

- 10 0000010 100100. 30.

00111000 mercedibus 10 0011. 11, 10.

0011110 00 00010 Μ. 1001100011.-
Λο0. 00000010 Μ. 10010 0001-
0οιιο 0011111101

00111100οΙ001 00 1100000. 000010 00.

0011101 100100. 30. 30 Μ. 1010000011.
00 0000100. 0. 00 000000 0. 00 0011.
00. 00101010 1 ,, 101. 1000110110·
110“. 1110. 01 Μ. 0000100“. 00
000000. 0000101 Μ. 10100 01000111,

00010000 1-000 010οΙ100, 000 01100,
00001
r 0 0 0 ιν n e θ’
010“. Λον. 1100000034. 00 1101000.
000010 011100. 00 0111001. 0001111.
0010011οι. 10101001. 001100110011.
0011110010. 10. 19. 101. 11100. 1,14.

, .

- —quo Λᾶν. Pru, 10.

000000000100 80000. 9 ,1100101001-

. 001.

010000110 11) Λᾶν. 11100. 11, 14.

010000100010 100. 101001. 0.

01000110 00 11001011. 00 1010011.

0000011000 00 0100000101. 000001. 0. 31.
00 110000. 2. 00 1001010.

0001011110 800001 „humei 0 10010011. ·

0001001001 10010013. Λᾶ 1101. 1, 10.

11001100 10101100 10 11011. 11, 14.

- (ιι 000010000) 100100. 10.

00110101 (000100) 100100. 22. 00101100
04 „iunior 00100100“.

110100010ᾶο Λᾶν. 100. 0. 0000101. 00
101010 30.

1100000100 00 000000 1.

000000 11000) 101. 101001. 8.

00000001000 00000000. 000010 10.

0010000 00 000000 1.

000001011000) Λᾶν. 101001. 0.

0000100 (1000) Λᾶν. 111001. 31. -

0000011100 0100000101οε 100100. 41.

00011000 00 10100. 4.

0000010000100100. 39.

00100100110 11111 11, 1.

0001, 00 tempore 000 1ιο pridem 010000
100100. 4.

0000000010000 Λᾶν. Hormou. 35.

1100100000 (n 00001100) 100100. 31 „ioe-
01001 00010011 101. 00001 „iesu
roxem‘.

000110000 01 tunm Λ)
Hiero 1011011 11, 1. Se
00 venenu-⁸⁶. 100100
0110000001 nom-eno
11111100ιί100.
0110011οι 100. Horu. 1,1
1110001100”. 100100. 41
01οι1- 10 1100 00) opor
0100.
11100οω1000, 00 Λᾶν. 101
0100000Ιο01 100100. 10
1111101001ιο 00 1011. Λ.
0101010οἰ000 1011110 1‚:
10000“.
0001-00 1100, 1000) 10
0001000001 01 10 11001000
13. 00 ΙᾶοΙ. 3. 100100.
Λᾶ Hodierna.
Homerocentones 00 Prono<
00010 Λᾶν. 11000. 1110 ,,
1110. 11, 11 „bono 10)
30 „ione ν1010111100“. 1
01001001
- (1000) Λᾶν. 101001. zi
000001000 10 11011. ΙΙ, 1.
0000010000 000110 0110.)
0001000010110 eorpus 10
00000 00 0011001. 0001111
010 0000“. 0011000100.οε
0010“. 00 00110 001011
1101011, 13. 00 00111
10011000110110“.
000000111ἰο 1ον. 10014
010111.
1100000010ιο 00100110,
ᾶ10110101000000“. ’
0000000100 01 0000001001
1100001000 00 1100. 101. 1
110000 11000) Λᾶν, 1010111.
0000000ρο 0000000001 00
1100011101οι (ιι-110000 10
1001 10.
0000001ίο (i) Λᾶν. 1000. Ι
Hortari 011001 001 scorp. 1
00001100 Λᾶν. Here. 1, 1,
0110011, 1. 0. 0010, 00000

· 1100100 01 00001100 100100

000110 00 8000100. 11 „i
001111000“.
00011000100100.30 ,,110011
0001111100 100100. 31 001
num 1101111110111“.
1100001000 00100 Λᾶν. Heu
Huiusmodi 00101000νί 10011
100000111001011111
100. 11000. 1, 10. 1ον.
1010000011. 108000. 4.
00011001 000111. 1. 00
0000001100 (ia 1100011100) 1
0000001100 1ον. 11000. ΙΙΙ,
00000100 00 0001, 3.

 

