5515 ur 55555 uranum 5555555. nr ’
11 12. 55555. 5. 55 5511551. 511.
55 555555 11.

14. 55 55115551151115. 55
155151. 15. ’

15. 55 5555555151 1155551. 26.

, 16. 55 5511555515. ΙΙ, 18. 55
155151. 15. -

11. 55115555. 1. 55 5551111551
3. 1115. 11555. 15,1. 5. 12. 56.

V, 14.

’25. 1551155125. 5515555. “
1. 55 155151. 2. ”

21. 5555515. 6.

22. 55 055115. 1551554541. .
55 5511551. 6. 55 555156. 55
555555. earn. 55.

23. 55 0551. 15. 5555115511. 12.

25. 55151515 55.

26. 55151555 55.

21. 55 55515. 6.

28. 55 11515551. 555111. 5. 55 115
5555555515. 5515151515.

45. 58. 5555515. 6. 55155·
151. 2. 22. ·
55. 55155151. 1.
52.155.11555.15,54.5,1. 55

1. 55 55555 Chr. 2.
2. 55 155151. 5.
5. 155155. 21.
6. Contra 155. 15.
12. 55 155151. 5.
14. 55 Fuga 15 555555. 8.
16. 155. 551551. 2.
23. 155. 11555. 15, 8.
2. 55 55115 femin. 1,1.
3. 555551. 8.
4. 55155151. 15.
5. 55 5551. 10. 25.
1518. 155. 11555155. 12. 55
Anima 21. 5555515. 15.
9. 155. 11555155. 12. 51. 55
Anima 21. 5555515. 15. 25.
15. 5511511551. 555111. 6.
12. 55 5515555151. 1155551. 5. 55
Fuga 15 555555. 1.
15. 155. 11555. IV, 5.
15. 55 5551. 8. 5.
11. 155. 555515. 5515115511.
1. 155. Marc. 15, 6. 5505518.

2. 55 5551. 25. 5515155. 8.
55 55555 Chr. 5. 155. Pru.

21.

5. 1115. 5555. 126. 5515155. 8.
4. 5515155. 6. 55 1155555. 5555.

61. 115 5551. 25.
6. 155. 5555. 1.
10. 8555515.
11. 55 5555555151. Haeret. 13.
19. 55 Anima 5.

5555555555

2312155155. 21:
V

155151. 12.
4. 55 5511551. 11.

5. 5555555111. 5555555515.

6. 55 55515. 6.

15. 55555. 5. 55 1155555. 0555.

usura Fuga in 555555. 1.

ι 3. 1511555. 11, 8. 55 555515
555555. 6. 55 5511551. 11. 55

115555. 5. 55 55515. 16. ’
54. 55 55515. 15.
36. 55 55115 1155515116.
31. 55 5555555151. 1155551. 26.
15555555. 55 5555555523.
58.Ι 55 11511551· 555111. 6. 55 Pr·
3951055155551. 8. 55 5555155.
455311355ῐί55. 1.

42. 5511555511.. 55 5555 15 “

55555512. .
43. 155. 11555. Ι, 25. .
44. 15 Scap. 1. 55 5511551. 1. ·

55 5555155. 16. 55151155 55.

155. 11555. 1, 23. 155155. 52.
45. 155. 1155511156. 55555555.

5555. 26.

41. 55155151. 2.
48.155.11555.1,24. 5555115
555115. 11,1.

55ω555.

 

