INDEX

SCRIPTURARUM 0400411οΜ QUAE IN LIBRIS
TERTULLIANI CITANTUR.

-ὴ

29. 01 111111. 4.
EX 000001. 31. 41110111. 1,4. 4111. 1111111113.

Ι. 0 12. 23. 11101131 11111111. 4.

1. 4111.11111113.3.20.22.26. 11. .

4111. 01111. 5. 11101111. 3. 2. 4111. 11111113. 45. ,De 4111·

2. 4010111103. 22. 2429. 30. ma 4. ’“

32. 01011113. 3. 0111111 lud. 4.

3. 4111111111. 7. 4111. 11111. 11‚4. 7. 4111. 11111. 1, 24. 11, 4. 9.

V,11. 4111. 11111113. 26. 31. 111111·

7. 41111111111326. 0101111. 3. surr. 01111. 4. 5. ne 411111

9. 4111. 1111111113. 29. 3. 4.

11. Adv. 1111111113. 22. 29. 8. 4111. 111111. 1, 24. 0111111111.

12. 41111111111113. 22. · 01111. 5.

14. Adv. 111111. 11, 3. V, 6. Apo· 15. 4111. hermog. 4.
lug. 18. 16. 01 Anima 37.

16. Adv. Prax. 12. 17. 4111. 11111. 11, 4. Contra lud.

20. 411101111111322. 1110111. 3. 2. 0141111111 50.

21. 4111. 11111113. 12. 22. 23. 18. 4111. 11111. 11,4. 11. 01 110-
4111. 11111. 11, 4. De 01131 in 11113. 4. 010113. 011. 5.
11111114. 20. 01111111110111161. ⁴

22. 4111. Marc. V, 11. 21. 01 Anima 43. 45. 4111. 1111-

24. 4111. 1111111113. 22. 29. mog. 31. ,

26. 4111. 11111. 11, 4. 4111. Ρ111. 23. 4111. 1111111113. 31. 010113.
512. 01 11111111. 0111. 6. 01 011. 5. 111 11111113. 9. 01111-
Anima 27. 011111111. 16. surr. 0111. 7. 0141111111 11.21.

27. 4111. 0111. 12. 0111111111. 01011114.

0111. 6. 0101111. 5. 111011- 24. 010113. 011. 5. 0111111111.
111116. 011111. 5. 01 11111113. 4. ne

28. 01 Anima 22. 23. 01 Pudic. Anima 11. 21.
16. 4111. Marc. 1, 29. 11101- 25. 4111.11111.11,11. 010113.

hort. 0111. 6. 1111111113. 7. 011. 11.
Taurunum ο 1111111111111 ’1 11111 11. Α

 

