1111 n« 111111 1111111111111111111. ’11

18. 111. 11111. 11, 5.
21. Ile 1111111. Cam. 52. ne
1111111 32.

XLIX.
14. 811111.
15. Contra Iud. 5. ’
17. 91111611. 18.
19. 1118111111. 15.

ι’ 11. 1111111111 14.
18. 1111111116. 5.

Μ11ἰ &viam 111, 11. coam
u ι ,

.L¹¹1'0. 111. aare. 1111.

LXIV.
· 7. 161. 1111. 21.
LXVI.
5. (1111111116. 19.
LXVII.
19. 111. 11111. V, 2.
28. 161. 1111. ΙΙΙ, 22.
LXVIII.
6. 1111111116. 10.
26. 1111111116. 10. 1111111111.
11111. 20.
LXX.
18. 1111. 1111.- 11.
LXXI.
1. 161. 1111. 1, 9.
4. 161. 1111. 11,14.
6. 161. 11111. 1, 9.
8. 161. 1111. 1, 9.
9. 161. 11111. 1, 9.
10. 161. 11111. ΙΙΙ, 19. Contra
Iud. 9.
11. 161. 1111. IV, 14. 1, 9.
12. 161. 11111. IV, 14.
19. 1111. 1111. Ι1,14.
14. 1111. 1111. IV, 14.
15. 161. 11111. ΙΙΙ, 19. Contra
Iud. 9.
17. 1111. 11111. 1, 9.
18. 161. 11111. 1, 9.
19. Adv. 11111. 1, 9.
LXXVII.
2. 1111. 11111. 11, 11.

'xc

29. 1111111116. 9. 91 cmo ·

01111. .
LXXXI. · -
1. 161. 1111. 17. III. 111-

mog. 5. 161. 111111.

9. 161. 11111. Ι, 19.

4. 161. 11111. Ι, 19.

6. 161. 1111. Ι, 7. 11111111·

mog. 5. 1611111118.
LXXXIII.

5. 16 1111. 9.

11. 1111111111. - ··

LXXXIV.
4. 1111. lm. 11, 19.
527161. 1111111, 19. (11111111.

19. 161. 1111. 11, 24.

12. 11111111116111. 19.
chII. “

11. 161. 1111. 1, 7.
XCIV.

5. 1111111116. 19.

XCV.
2. 1111111116. 19.
5. 1118111. 2.
7. 1111111116. 5.
8. 1111111116. 5.

9. 161. 11111. ΙΙΙ, 19. epum ·

116. 16. 19.
XCVI.
1. 1111111111. Cam. 26.
3. 161. 11111. IV, 29. {Ie Pu·
611. 2.
4. 1111111111. Ihm. 26.
5. 161. 11111111. 94. ne 11111111.
Cam. 26.
cI.
10. 11111111. 9.
26. 161. 11111111. 94. 45.
27. 1111111113. 94.
5. 161. 1111. ΙΙ, 8. ΙΙΙ, 9.
16. ne 1111111. 11111144.
33. 161. 1111. III, 5.Ι 11, 18.

CVIII.

' 7. 111 praescript. 1111111. 26.

 

