ἰ 0101 lm! 0110000Ιο

000. 10. 100. 10001,10,,1000.10· 1000100 nensis 000100 ssu

uisss“. 1110. 1, 20. 00 1100000. 000· 00001100100. 1.

010211. 10010100 100. 1000. V. 15
1000100110100.101001. 11. ’ 1001100100010110111, 11
10000 (ιι 110000, 00001010, 0110000101 10010000011000011100 ss 100

massanensis 10. 00 10010. 1. Ιο01.2,,1000. 00001000

100. 1000 1, 10. 001100000. 100. „ism 10 0010001 1. s. 00

1010014. „essm 10 nuntium& 0
-(-0000000) 10010015. 1011011. 1100001. 4. 100. 1000.

1, 10. 00010010 01100101 001
1010010010 100100. 1. sure 10,11 „snm 10 q
1010000 00101001,,1001.0001110110000 1110 V, 11 „inp sliqs

10010101 00 10010. 21 „essm 010- 0001
x 00001 ’ 1001000100.11000.11,11.1

- 011000010Δο0. 1100011, 10. 01011001 00 senenses„
- (ι- 00010000, 10111000) 100. 1000. ,,0’001.0000000100000“.

ΙΙΙ, 21. -(-0100100001 100. 10
1001000900 0111 01100 000000 00110· ,10011000000100010100 001

. . 101. .
1000000100ῆί0 00 8000100 20. 1001100110 0010100002 ,
10010010 100. 11000. 1,10. 0000000001
100000000ιί0 00 0001. 20 ,1000000000 10000000 1- 00000001 00
, 10101 0000101 10010018,
10001000 00 800010010 „susm 00111- 1000010111ἰο 100. 1000. 11

11001 00 00110 10010110. 0010- 1000010οο 000000100001100
ι·0·1010100·001 ..10.10110...

10100113. 10010011 „smus 1001001 . pers. liberorum“.

10010010 „emas 0001110101 00 1000010000100100.11,,0·0

0011001. 13. 00 0001. 27. 10000101 80000. 0. .
10000001 1- 10111000, 10001000) 100. 108000111Ιί0 00 Cusus 01

1001 ,1000000 1000010001 01001. 0. 100. 11000000.

1000010 01 011000 00 00101001,,100- 1000000οἰ 00 00000 0101
’ 000100000000110001101 setheus 001 0010 00100
1000001100 (ε libertus) 00 Orus 21. 10000000 00 Esbous. cassi
immusicus (ει 00000000) 1001001. 1010000001 10010018.
100000111110100. 10100121. 00 110100 ,,1000000100“. 00 eme

12. 100100. 50. 00 1100000. 00001011. pressius disere“. 1110, 2(

100. Pras. 29. 30. 111, 8. 100100. 5.
Impatiens Ssusp.3 ,,1000. 0100011001 1000000000 00 0001. 10 ,,ι
10001100100 00 00110011. 0001000001 1.· e. 010ῆο
1000011000 100.11000.11,11 ,00000111 00101 00010100 suque 00

1111 nostrum obsequium“. 10010012 Usus 1125 „impressu

1000011. 0010011001 1010010000 00 unlus „inp
1000000000 1= 1000000, erogare, 0001· 00000001 100. 10100001

0000, 10001000) 1001001011 „sus 00001 100100.0,,10ομ,

1001110000010000“. 0010.51,,1000. 1000012.

000001100110“.100.11000. 11, 20. 00 100000101οη 00 00100 Ι

1000100101011011. Ι, 10. 1000000100 100100. 23 „51
100000100 100. 1οΙ001. ³. 11000001
10000000 00 10015 ,1000000100 000000- 10001011000 100. 11000. 11,

00110001 000001
10000000001100000.000010 1,,100000- 10 0000000011 0000 00001. ι

0100100000 01101001 01001101 01101100, 100103,
Imperfectus 000 gessit. 100. 11000. 1,21. 10000001
1000010110 10011000. 11,4 ,,1000.000- - cum 01101. 000 ιω

10011 100100121021, Μ
10000110001100001100 100100. 2012. 80000. 119. 00 1100121

100. 11000. 1111. 00 000000. 000· 10 Perses. 2. 10011000.

01015. 00000 0106. 100. 1011
10001100 00 00110. 0000000001

 

