xxm ἱ mnu scmwmnn 81081101

59. 05 2511551. 14. 0511555555. 13. 8555515. 05155515

Cam. 55. 555. 6. 12.
60. 115 2511551. 14. 24. 85555. 15. 115 Fuga 15,

11111. 555. 6. 12.

10. De 1515151. 9. 26. 05115555. 14.
18. 115 Fuga jn perseo, 12, 30. 115 2555555151. 1155555 21

20. 05 Fuga in 255555 12. 1111111.
21. 05 105151. 9. 6. 1151155555. 0555. 39.

28. 0511551. 18. 9. Ad Scap. 4.
11. 11117.
lsqq. 1515. 11555. V, 1. 85555. 27. 05155515 255555. 12.
5· MV· Marc· 111515· . 22. 05 1155555. Cam. 39.
6. ΒΘ 38111. 13· XXVIII·
8. 15151555. 15. 3· scorp· ¹.
15. 05 055115. 14.

ἐξ 3⁰ gapt-1313& 6 nx 55555555 55 5555555.
. 5 55555 55555. ι 1

. ι ⁸ 1. 05 Pudic. 14.
4. 05151511· 8· Ι 3. 1515. 2555. 27.
9. 05 0551. 25. 11515555. 10. 4, 5555511, 13,

34· 9909121111· 8. 05 2555555151. 11555511
3⁸· 29191908· ' 1515. Vm. 28.
xm. 16. 1151511555. V, 13.
11. 0515151519115 15151557. 17. 1515. 11555. V, 13.
05155115 21. 18. 1515. 11555. V, 13.
13. 05 corona 8. 20. 1515. 11555555. 45. 05151
28. (1551551551. 8. 18. 1515115555. l, 9. 11315.
46. 05 Fuga in Persec- 6· 25. 1515. 11555. V, 19.

XV. 27. 05 Corona 6.

5. 1515. 11555. V, 2. 11.
18. 05 255115. 21. 0515155. 2. 2. 1515. 11555. V, 13.
28. 05255115. 12. 11. 1515. 11555. V, 13. 11515155
xvh Caslit. 7.
3, 5555110, 17, 12. 1515. 11555. V, 13.

16. 05 2555555151. Haeret. 7. ¹3· 9919111011· casm. 7.
111111. 14. 1515. 11555. V, 13. 115 05

23. 1515. 11555. 1, 0. 1¹³ 6·
24. 1515. 2555. 16. 10. 1515. 11555. V, 13,

32, 1151153516, 21. Adv. 111555. V, 13,
24. 1515. 11555. V, 13, 115 tut

XV1121·D . Vemin.11,11.
. eVugamPersec.12. 28,Adv.11arc.V,13.

29. 1515. 11555. V, 13.

11

xlx.
4. De Bapt. 10. 111

1111. ⁶ 3. 1515. 11555. V, 13.
11. Seorp. 15. 21. 1515. 11555. V, 13.
12. Scorp.15. 20. Contra 150. 1.

 

