0111ss 111 mers emmim (111Δ1171111.

10. Scorp. 13.
21. 11111011. 15.

xm.

1.

H.

111

1. 111. 11111112. 011111·
script. Haeret. 22.

2. 1121111111. V, 12. 1116111-
nr .

10. 111. 11111. V, 12.

tx 11117111111 1111111.

1. 11111111. V, 1. 11111111.

6ῗῗ111.11111.1,20. V, 2. 01
Praeseript. Haeret. 27.

7. 111. 11111. 11, 4.

m

ll. 11111111. 11, 3. 111 11111111.
611111. 7.

13. 111. Here. 1,11. 11, 3. 111.
1111129. 111 Fuga in 111111.
12. 1111111111. 8.

14. 111. 11111. 11, 3.

15. Adr. 11111. 11, 4.

16. 111. Herc. 11, 4. Decerne
Chr. 22.

17. Contra tud. 4.

20. Contra lud. 2.

22. 111. Here. V, 13.

26. 111. Herc. 11, 3.

27. 01 Honog. 7. 111 111111.

111. Here. 111, 12. 1111111111.
61111. 3.

28. 01011111 13.

8. 11111111. 1, 2. 01 Prae· 11.

script. Haeret. 629. 01011111
Chr. 6. 24.

10. 01 1111111. 14.

13. 111. 11111. V, 2.

14. 01 leiun. 16.

16. 01 Hesurr. Carn. 50.

1 sqq. 111. 11111. 1, 20. 11, 2.
1,3. 011111111111111111144.
1111111. 24.

3. 11111111. V, 3.

4. Adv. 11111. 1,20. V, 3.

5. 1111. 11111. V, 3.

9. 111. 11111. 11, 2. V, 3. 01
1111111111. Haeret. 23.

10. 1111. 111111, 3.

11. 1111111111. 1, 20. 1, 3. 01
praescript. Haeret. 23.

12. 1111. 11111. 1, 3.

14. Adv. 11111. 1, 20. 11, 3.

16. 111. 11111. V,3.

1. 01 Praescript. Haeret. 27.

6. 111. 11111. 11, 3. 11111-
1111116.
7.111.11111.11,3. 111111-
111116.
8.11ν.11111.11,3. 0111-
1111116.

9. 111. 11111. 11, 3.

10. 111. 11111. 11, 3.

3. 1111. Herc. 11, 4.
4. Adv. 11111. 11, 4. V, 2. 111

1211013. 111. 6. 01 Cerne Chr.

5. 111. 111111, 4. 01 Corona
6. 1111. 1111114.
8. 111. Herc. V, 4.
9. 111. Herc. V, 4.
10. Adv. 11111. 1,20. 1, 4. 01
111111. 2.
19. 111. Here. V, 2. 01 Honeg.
20. 1111111111. 17.
22. 1111. Herc. 111, 6. 1, 4.
23. 111. 11111. V, 4.
24. 111. Here. V, 4.
26. 111. Here. lH, 23. V, 4. 15.
31. 111. Here. V, 4.

ι 1. 111. Here. V, 4.

2. 111. Here. V, 4. 01 Prae·
script. Haeret. 33.

3. 11111111111111. 23.

6. 111. 11111.1,4.

1. 01 Praeseript. Haeret. 27.
9. 111. Haec. 1, 2.

10. 111. 11111. 1, 4.

12. 111. 11111. 1, 4. 01111111
16. 0111111. 1.

14. 11111111. V, 4.

 

