6611 111 111111 11116111111 1111111111. 111 -

21. 161. 1111611, 14. 3. 161.Ι116.Ι1,13.
22. Contra Iud. 10. 10.161.1116.11,20. ’
23. 111. 11116. ΙΙΙ, 18. 061111 V.
Iud. 10. 0611116111. 8. 6. 1661111610, 16.
5. 06 8116611623. 06166161. 16. 111111. 06111111611611116.
28 6129. 161. 11116. ΙΙΙ, 34. ΙΙΙ, 12.
XXIII. XII.
3. 161. 11116. 11124. 12. 0616111. 10.
4. 161. 11116. ΙΙΙ, 24. ’
19. 06 01616. 9. 11 11111101,
XXIV. ’ ΙΙ.
1. 161. 11116. ΙΙΙ, 34. 81116. 366111. 3.
12. 161. 11116. ΙΙΙ, 17. 16 sqq. 36611). 3.
13. 161. 1111611117. ΙΙΙ.
XXV. (Isqq. 866111. 3.
4. 161. 11116. ΙΙΙ, 21. 24. VIII.
XXVII. 15. 01166161. 20.
15. 3661112. ΙΙΙ. , -
XXVIII. 21.161.1111611,10. 01111·
63. 61111111. 11. 616. 6.
65. 0611111116. 11. X.
66. eontra Iud. 11. 261 14. 161. 11116. II, 17.

XXIX. xln.

5. 06161111. curn. 56. 6617.161.11116.ΙΙ,14.86611).3. ι

XXX. XX.
11. 161. 1111611136. 1. 86611). 3.

12. 161. 1111611135.

14. 161. 1111611135. u 1 11001 (1 m.)-

19. 161. 11116. IV, 35. Ι. .
XXXII. 15. 06 16111. 9.

15. 06 1611111. 6. II.
20. 161. 11116. IV, 31. 6. 161. 11116. 11124. 11111.

21. 161. 11116. IV, 31. V, 11.
35. 16611116111416. 11,16. 3. 161. 11161114.
V, 14. 06 06116111. 10. 20. 01111111. 7.
39161. 11116. ΙΙΙ, 23. IV, 1. IV.
V‚11. 111111111611613. 17-19.06161611.16. Ι
06116111101111. 9. 06 Pu· vll. '
616. 2. 6. 0111611117.

XXXIII. 11111.
17. 161. 11116. III, 16. Contra 7. 161. 1111161124.

Iud. 10. IX.
16. 161. 1111161123.

u 10301. Χ·
6. 0611111111 11.

Immmww.mmmu
Contra 116. 10. 24. 161. 11116. ΙΙΙ, 6.

ΙΙΙ

 

