mm

7.111.11111.1124.
9.111.11111.11,24.
10.111.11111.11,24.
11.1111.11111.11,24.
16. 111. 11111. 11, 24.
18. 111. 11111. 11, 10. 11111·

ma 17.
19. 111.11111.11,24. 61111. 1.
20. 1111. 11111. 11, 7.
21, 111. 11111. 11, 25.
22. 111. 11111. 11, 25.
23. 111. 11111.11,25.

· 24. 111. 1111111125.

25. 111. 11111. 11,19. 25.
27. 111. 11111. 11, 25. V, 2.
28. 1161111061. 7.

111.

, 2. 111. 11111. 11, 26. 110111.

1. 111. 11111. 11, 261

2. 5.

3. 111.11111.11,26.110111.6.
4. 111.11111.11,26. 110111. 7.

5. 111111111111. 1111111. 11.
7. 111. 11111. 11, 26.

8. 110111. 6. 11 1111111111.

Haeret. 11.

9. 111. 11111. 11, 26. 1111111·

script. Haeret. 11.
11. 111. 11111. 11, 26.
12. 111. 11111. 11, 26.
13.111.11111.11,26. ,
14. 111. 11111. 11, 26.
15.111.11111.11,16. ·
18.111.11111.1126
19.111.11111.11,26.
20. 111.11111.11,26.

211122111.11111.11,56.,.,16.

27.111.11111.111,11.1
28. 111. 11111. 11, 26.
29. 111. 11111. 11, 26.
35. 111. 11111. 11, 26.
371138. 111. 11111. 11, 26.
39. 111. 11111. 11, 26.

40. 111. 11111. 11, 26.

41. 111. 11111. 11, 26.

44. 111. 11111. 11, 27.

45. 111. 11111.11,27.

46. 111. 11111. 11, 27.

47. 111. 11111. 11, 27.

26.

mm scmwmnu 11011111

50. 111. 11111. 11, 27.
ΧΠ52. 111. 11111. 11, 27.

1. 111. 11111. 11, 27.
2. 111. 11111. 11, 28.
4.111.11111.1128.
5.111.11111.11,28.
8.111.11111.11,28.
9.111.11111.11·28.
10.111.11111.11,28.

11.111.11111.11,26 81111.

12. 111. 11111. 11, 28.
13. 111. 11111. 11, 28.
14. 111. 11111. 11, 28.
16. 111. 11111. 11, 28.
20. 111. 11111.11,28.
22.111.11111.11,23.
23.111.11111.11,28.
24. 111. 1111111, 28.

25 111. 1111111, 29. 111

1111. 23.
27. 111. 11111. 11, 29.
28. 111. 11111.11,29.
30. 111. 11111. 11, 29.

31. 111. 11111. 111, 24.11,21

35. 111. 11111. 11, 29.
36.111.11111.11,29.
39.111.11111.11,29.
40.111.11111.11,29.
41.111.11111.11,29.
42.111.11111.11,29.
47.111.11111.11,29.
46.111.11111.11,29.
49. 111. 11111. 11, 29.

50. 1111111. 16. 11111111

51. 111. 11111.11,29.
53. 111. 11111.11,29.
56. 111. 11111. 11, 29.

57. 111. 11111. 11, 29. 111

na 4.

58. 111. 11111.11,29.
59. 1111. 11111.11,29.

11111.

14. 111. 11111. 11,29.
15. 111. 11111. 11, 30.
19. 1111. 11111. 11, 36.
21. 111. 11111. 11, 30.
26. 111. 11111. 11,,30.
27. 1111. 1111111, 30.

 

